793 935 
0 30 224 301 
1 72 195 278 
2 4 269 139 
3 88 110 353 
4 54 388 285 
5 64 367 303 
6 90 314 272 
7 26 297 160 
8 94 182 334 
9 28 236 359 
10 72 225 203 
11 49 315 232 
12 54 175 313 
13 19 169 113 
14 28 166 298 
15 61 131 135 
16 84 132 191 
17 23 334 232 
18 67 105 125 
19 53 111 136 
20 54 220 333 
21 16 396 281 
22 9 109 249 
23 54 123 301 
24 77 105 306 
25 80 123 229 
26 68 343 137 
27 39 132 198 
28 25 156 377 
29 74 281 141 
30 14 176 257 
31 53 205 392 
32 35 237 312 
33 100 237 184 
34 39 273 274 
35 82 210 350 
36 62 316 278 
37 80 357 325 
38 94 201 256 
39 4 112 240 
40 100 160 242 
41 93 209 330 
42 95 226 369 
43 8 279 327 
44 7 234 271 
45 90 358 366 
46 84 117 280 
47 10 277 379 
48 13 207 230 
49 63 271 100 
