150 150 
0 30 20 26 
1 72 20 30 
2 4 21 26 
3 88 21 27 
4 54 24 18 
5 64 24 29 
6 90 26 17 
7 26 26 25 
8 94 26 30 
9 28 26 36 
10 72 27 18 
11 49 27 26 
12 54 28 27 
13 19 29 21 
14 28 29 22 
15 61 29 33 
16 84 29 34 
17 23 30 21 
18 67 30 22 
19 53 30 23 
20 54 30 25 
21 16 30 26 
22 9 30 28 
23 54 31 26 
24 77 31 32 
25 80 31 36 
26 68 32 23 
27 39 32 28 
28 25 32 30 
29 74 34 25 
30 14 34 29 
31 53 34 43 
32 35 35 29 
33 100 35 32 
34 39 36 31 
35 82 36 42 
36 62 36 44 
37 80 37 31 
38 94 37 40 
39 4 38 29 
40 100 39 32 
41 93 39 35 
42 95 39 44 
43 8 40 41 
44 7 41 33 
45 90 41 47 
46 84 41 48 
47 10 42 43 
48 13 42 44 
49 63 42 50 
50 3 43 33 
51 86 43 36 
52 96 44 35 
53 74 44 38 
54 50 44 44 
55 78 44 50 
56 37 44 52 
57 4 45 37 
58 49 45 44 
59 72 45 46 
60 2 45 50 
61 10 46 40 
62 33 46 41 
63 90 46 46 
64 29 46 55 
65 80 47 47 
66 55 47 51 
67 47 47 56 
68 12 48 45 
69 38 48 48 
70 78 48 54 
71 75 48 55 
72 11 48 58 
73 5 49 43 
74 50 49 51 
75 69 49 54 
76 20 50 49 
77 35 50 54 
78 5 51 51 
79 99 52 49 
80 43 52 51 
81 65 53 54 
82 90 53 56 
83 53 54 53 
84 72 54 58 
85 4 54 60 
86 20 55 45 
87 45 55 47 
88 72 55 49 
89 60 55 50 
90 28 55 56 
91 16 55 62 
92 68 55 64 
93 56 56 60 
94 27 56 64 
95 26 57 51 
96 83 58 55 
97 90 58 64 
98 58 59 49 
99 39 59 52 
100 70 59 66 
101 50 59 68 
102 5 60 52 
103 15 60 55 
104 20 60 64 
105 39 62 53 
106 96 62 59 
107 43 63 56 
108 3 63 57 
109 46 64 54 
110 58 64 69 
111 92 65 61 
112 33 66 63 
113 90 66 69 
114 45 66 73 
115 86 67 65 
116 42 67 68 
117 77 67 74 
118 64 67 76 
119 4 68 59 
120 98 68 70 
121 65 69 60 
122 89 69 62 
123 74 69 68 
124 68 69 77 
125 29 69 78 
126 70 70 62 
127 96 70 79 
128 85 71 64 
129 12 71 81 
130 73 72 67 
131 77 72 68 
132 32 72 71 
133 59 73 65 
134 41 73 81 
135 51 74 64 
136 33 74 70 
137 100 74 78 
138 9 75 67 
139 87 75 73 
140 63 76 75 
141 43 76 80 
142 82 77 67 
143 69 77 72 
144 62 77 84 
145 64 78 73 
146 27 78 78 
147 95 78 86 
148 88 79 75 
149 98 79 83 
150 56 79 88 
151 87 80 77 
152 5 80 86 
153 46 81 79 
154 66 81 80 
155 94 81 84 
156 18 81 89 
157 47 82 81 
158 74 82 84 
159 70 82 89 
160 7 82 92 
161 97 84 75 
162 35 86 78 
163 17 86 83 
164 83 86 87 
165 16 86 91 
166 11 86 93 
167 64 87 91 
168 29 87 96 
169 82 88 92 
170 60 88 96 
171 47 89 85 
172 89 89 87 
173 66 91 82 
174 48 91 97 
175 12 91 98 
176 60 92 85 
177 44 92 87 
178 8 92 94 
179 75 92 98 
180 11 93 88 
181 24 93 99 
182 22 93 101 
183 16 94 91 
184 5 94 93 
185 77 94 96 
186 43 96 100 
187 16 97 88 
188 76 97 90 
189 26 97 105 
190 40 98 96 
191 69 98 97 
192 72 98 100 
193 28 99 92 
194 27 100 109 
