1000 1000 
0 30 94 72 
1 72 112 151 
2 4 98 139 
3 88 134 70 
4 54 55 176 
5 64 194 143 
6 90 183 151 
7 26 157 136 
8 94 149 80 
9 28 91 167 
10 72 118 180 
11 49 112 102 
12 54 158 116 
13 19 87 157 
14 28 85 57 
15 61 83 149 
16 84 66 68 
17 23 66 95 
18 67 167 116 
19 53 53 62 
20 54 56 68 
21 16 110 166 
22 9 198 141 
23 54 54 124 
24 77 61 151 
25 80 53 153 
26 68 62 114 
27 39 172 69 
28 25 66 99 
29 74 78 188 
30 14 141 70 
31 53 88 128 
32 35 103 196 
33 100 118 156 
34 39 119 92 
35 82 136 137 
36 62 105 175 
37 80 158 139 
38 94 179 162 
39 4 100 128 
40 100 56 120 
41 93 80 121 
42 95 104 165 
43 8 113 185 
44 7 140 164 
45 90 117 135 
46 84 179 183 
47 10 58 140 
48 13 139 190 
49 63 103 115 
50 3 136 50 
51 86 169 178 
52 96 187 131 
53 74 72 194 
54 50 58 99 
55 78 128 81 
56 37 167 121 
57 4 106 105 
58 49 79 114 
59 72 120 133 
60 2 162 194 
61 10 189 81 
62 33 83 78 
63 90 78 67 
64 29 157 132 
65 80 54 107 
66 55 152 174 
67 47 134 117 
68 12 184 69 
69 38 84 64 
70 78 120 185 
71 75 172 116 
72 11 176 189 
73 5 114 187 
74 50 170 96 
75 69 126 97 
76 20 117 123 
77 35 176 160 
78 5 85 88 
79 99 129 143 
80 43 191 157 
81 65 53 164 
82 90 150 96 
83 53 64 88 
84 72 180 173 
85 4 179 134 
86 20 97 104 
87 45 165 116 
88 72 67 105 
89 60 138 52 
90 28 159 143 
91 16 114 159 
92 68 188 85 
93 56 162 103 
94 27 170 148 
95 26 96 51 
96 83 173 148 
97 90 85 70 
98 58 164 101 
99 39 194 126 
