150 150 
0 30 53 56 
1 72 45 47 
2 4 65 58 
3 88 23 30 
4 54 97 99 
5 64 91 95 
6 90 77 78 
7 26 73 67 
8 94 42 48 
9 28 56 63 
10 72 53 50 
11 49 77 76 
12 54 40 44 
13 19 38 29 
14 28 38 41 
15 61 28 20 
16 84 28 24 
17 23 82 81 
18 67 21 13 
19 53 23 15 
20 54 52 58 
21 16 99 101 
22 9 22 22 
23 54 26 29 
24 77 21 25 
25 80 26 25 
26 68 85 77 
27 39 28 25 
28 25 35 43 
29 74 68 61 
30 14 40 40 
31 53 48 57 
32 35 57 61 
33 100 57 53 
34 39 66 68 
35 82 49 56 
36 62 78 80 
37 80 89 94 
38 94 47 47 
39 4 23 22 
40 100 36 35 
41 93 49 54 
42 95 54 62 
43 8 68 73 
44 7 56 57 
45 90 89 97 
46 84 24 26 
47 10 67 76 
48 13 48 47 
49 63 66 56 
