1000 1000 
0 30 160 69 
1 72 94 72 
2 4 112 151 
3 88 98 139 
4 54 134 70 
5 64 55 176 
6 90 194 143 
7 26 183 151 
8 94 157 136 
9 28 149 80 
10 72 91 167 
11 49 118 180 
12 54 112 102 
13 19 158 116 
14 28 87 157 
15 61 85 57 
16 84 83 149 
17 23 66 68 
18 67 66 95 
19 53 167 116 
20 54 53 62 
21 16 56 68 
22 9 110 166 
23 54 198 141 
24 77 54 124 
25 80 61 151 
26 68 53 153 
27 39 62 114 
28 25 172 69 
29 74 66 99 
30 14 78 188 
31 53 141 70 
32 35 88 128 
33 100 103 196 
34 39 118 156 
35 82 119 92 
36 62 136 137 
37 80 105 175 
38 94 158 139 
39 4 179 162 
40 100 100 128 
41 93 56 120 
42 95 80 121 
43 8 104 165 
44 7 113 185 
45 90 140 164 
46 84 117 135 
47 10 179 183 
48 13 58 140 
49 63 139 190 
