1000 1000 
0 30 353 388 
1 72 285 367 
2 4 303 314 
3 88 272 297 
4 54 160 182 
5 64 334 236 
6 90 359 225 
7 26 203 315 
8 94 232 175 
9 28 313 169 
10 72 113 166 
11 49 298 131 
12 54 135 132 
13 19 191 334 
14 28 232 105 
15 61 125 111 
16 84 136 220 
17 23 333 396 
18 67 281 109 
19 53 249 123 
20 54 301 105 
21 16 306 123 
22 9 229 343 
23 54 137 132 
24 77 198 156 
25 80 377 281 
26 68 141 176 
27 39 257 205 
28 25 392 237 
29 74 312 237 
30 14 184 273 
31 53 274 210 
32 35 350 316 
33 100 278 357 
34 39 325 201 
35 82 256 112 
36 62 240 160 
37 80 242 209 
38 94 330 226 
39 4 369 279 
40 100 327 234 
41 93 271 358 
42 95 366 117 
43 8 280 277 
44 7 379 207 
45 90 230 271 
46 84 100 338 
47 10 355 373 
48 13 262 144 
49 63 388 116 
