1000 1000 
0 30 57 736 
1 72 126 294 
2 4 145 414 
3 88 671 319 
4 54 592 563 
5 64 132 36 
6 90 843 959 
7 26 618 889 
8 94 676 715 
9 28 575 658 
10 72 202 275 
11 49 780 453 
12 54 864 416 
13 19 344 718 
14 28 442 250 
15 61 712 232 
16 84 45 221 
17 23 661 105 
18 67 118 106 
19 53 304 780 
20 54 440 18 
21 16 83 39 
22 9 121 399 
23 54 776 988 
24 77 605 30 
25 80 496 76 
26 68 671 19 
27 39 686 79 
28 25 430 811 
29 74 125 107 
30 14 326 186 
31 53 922 605 
32 35 137 253 
33 100 524 352 
34 39 972 457 
35 82 706 457 
36 62 280 576 
37 80 582 367 
38 94 834 720 
39 4 594 858 
40 100 749 336 
41 93 521 42 
42 95 467 199 
43 8 474 363 
44 7 766 422 
45 90 898 598 
46 84 758 448 
47 10 569 859 
48 13 887 56 
49 63 600 591 
50 3 931 356 
51 86 435 571 
52 96 2 793 
53 74 851 910 
54 50 541 146 
55 78 959 54 
56 37 330 524 
57 4 206 778 
58 49 477 372 
59 72 366 195 
60 2 428 469 
61 10 553 749 
62 33 961 924 
63 90 210 218 
64 29 187 185 
65 80 115 713 
66 55 549 26 
67 47 379 678 
68 12 826 559 
69 38 447 891 
70 78 130 230 
71 75 96 464 
72 11 902 815 
73 5 438 840 
74 50 924 427 
75 69 917 798 
76 20 305 509 
77 35 311 448 
78 5 490 838 
79 99 731 236 
80 43 256 528 
81 65 621 937 
82 90 714 21 
83 53 759 666 
84 72 311 96 
85 4 257 864 
86 20 821 862 
87 45 558 311 
88 72 358 766 
89 60 441 117 
90 28 364 585 
91 16 17 726 
92 68 619 430 
93 56 728 917 
94 27 234 745 
95 26 356 801 
96 83 651 309 
97 90 9 822 
98 58 651 231 
99 39 133 757 
100 70 343 957 
101 50 504 719 
102 5 172 265 
103 15 235 151 
104 20 915 266 
105 39 769 831 
106 96 685 403 
107 43 885 870 
108 3 925 455 
109 46 694 713 
110 58 414 533 
111 92 640 138 
112 33 262 82 
113 90 501 255 
114 45 913 878 
115 86 387 509 
116 42 146 35 
117 77 744 677 
118 64 71 993 
119 4 349 872 
120 98 134 535 
121 65 313 537 
122 89 111 768 
123 74 82 451 
124 68 114 140 
125 29 431 723 
126 70 587 425 
127 96 473 799 
128 85 309 736 
129 12 652 458 
130 73 390 518 
131 77 745 808 
132 32 275 548 
133 59 865 295 
134 41 740 937 
135 51 456 697 
136 33 899 131 
137 100 294 126 
138 9 195 904 
139 87 491 25 
140 63 406 372 
141 43 493 171 
142 82 642 975 
143 69 76 676 
144 62 349 495 
145 64 351 986 
146 27 304 40 
147 95 763 877 
148 88 618 55 
149 98 91 461 
150 56 736 318 
151 87 444 182 
152 5 435 940 
153 46 267 817 
154 66 827 367 
155 94 339 479 
156 18 357 375 
157 47 769 610 
158 74 800 76 
159 70 5 990 
160 7 270 912 
161 97 820 730 
162 35 211 665 
163 17 329 273 
164 83 399 443 
165 16 974 397 
166 11 946 691 
167 64 535 214 
168 29 298 188 
169 82 122 169 
170 60 231 44 
171 47 179 38 
172 89 855 703 
173 66 484 932 
174 48 618 944 
175 12 148 297 
176 60 295 878 
177 44 616 910 
178 8 998 949 
179 75 665 883 
180 11 172 934 
181 24 407 659 
182 22 593 946 
183 16 287 18 
184 5 375 428 
185 77 81 68 
186 43 959 158 
187 16 900 255 
188 76 126 247 
189 26 190 357 
190 40 983 140 
191 69 728 485 
192 72 979 614 
193 28 626 84 
194 27 890 781 
195 16 327 930 
196 54 826 86 
197 16 610 137 
198 21 234 305 
199 51 585 146 
