150 150 
0 30 20 26 
1 72 21 26 
2 4 21 27 
3 88 24 18 
4 54 24 29 
5 64 27 18 
6 90 28 27 
7 26 29 21 
8 94 29 33 
9 28 30 21 
10 72 30 22 
11 49 30 25 
12 54 30 26 
13 19 30 28 
14 28 31 26 
15 61 32 30 
16 84 35 29 
17 23 36 31 
18 67 36 42 
19 53 37 31 
20 54 39 44 
21 16 40 41 
22 9 41 48 
23 54 42 44 
24 77 44 44 
25 80 44 50 
26 68 45 37 
27 39 45 44 
28 25 46 40 
29 74 46 46 
30 14 47 51 
31 53 48 54 
32 35 49 43 
33 100 49 51 
34 39 49 54 
35 82 50 54 
36 62 54 53 
37 80 54 60 
38 94 55 45 
39 4 55 47 
40 100 55 50 
41 93 55 56 
42 95 55 62 
43 8 56 64 
44 7 57 51 
45 90 58 55 
46 84 59 66 
47 10 60 52 
48 13 62 53 
49 63 62 59 
50 3 63 56 
51 86 64 54 
52 96 64 69 
53 74 65 61 
54 50 66 63 
55 78 66 69 
56 37 66 73 
57 4 67 68 
58 49 67 74 
59 72 68 59 
60 2 68 70 
61 10 69 68 
62 33 69 77 
63 90 70 79 
64 29 72 67 
65 80 72 68 
66 55 73 65 
67 47 74 64 
68 12 74 70 
69 38 74 78 
70 78 75 67 
71 75 76 75 
72 11 77 67 
73 5 77 72 
74 50 77 84 
75 69 78 73 
76 20 78 86 
77 35 80 77 
78 5 81 79 
79 99 81 80 
80 43 81 84 
81 65 82 81 
82 90 82 92 
83 53 86 87 
84 72 86 93 
85 4 87 91 
86 20 87 96 
87 45 88 96 
88 72 89 87 
89 60 91 82 
90 28 92 94 
91 16 92 98 
92 68 93 99 
93 56 94 91 
94 27 94 93 
95 26 94 96 
96 83 97 88 
97 90 97 105 
98 58 98 97 
