1000 1000 
0 30 710 234 
1 72 641 275 
2 4 376 287 
3 88 448 602 
4 54 391 555 
5 64 537 279 
6 90 221 706 
7 26 775 571 
8 94 733 606 
9 28 629 545 
10 72 595 321 
11 49 365 668 
12 54 472 718 
13 19 449 406 
14 28 631 465 
15 61 349 627 
16 84 339 226 
17 23 332 597 
18 67 262 271 
19 53 263 382 
20 54 668 464 
21 16 210 249 
22 9 223 272 
23 54 439 666 
24 77 793 563 
25 80 217 497 
26 68 245 603 
27 39 211 612 
28 25 247 458 
29 74 686 275 
30 14 264 395 
31 53 311 753 
32 35 563 282 
33 100 351 514 
34 39 411 783 
35 82 474 623 
36 62 474 367 
37 80 545 549 
38 94 420 700 
39 4 632 556 
40 100 715 649 
41 93 401 512 
42 95 225 480 
43 8 319 484 
44 7 417 659 
45 90 453 738 
46 84 559 655 
47 10 468 541 
48 13 715 732 
49 63 233 560 
50 3 555 758 
51 86 413 461 
52 96 543 200 
53 74 676 710 
54 50 746 524 
55 78 287 776 
56 37 232 397 
57 4 514 323 
58 49 667 486 
59 72 423 419 
60 2 317 457 
61 10 481 531 
62 33 649 776 
63 90 755 325 
64 29 330 312 
65 80 310 268 
66 55 627 529 
67 47 215 427 
68 12 606 695 
69 38 535 468 
70 78 734 277 
71 75 338 257 
72 11 478 741 
73 5 689 463 
74 50 704 754 
75 69 456 750 
76 20 678 383 
77 35 505 386 
78 5 469 494 
79 99 703 638 
80 43 341 353 
81 65 516 572 
82 90 762 628 
83 53 212 655 
84 72 599 386 
85 4 257 354 
86 20 718 692 
87 45 717 535 
88 72 386 414 
89 60 660 464 
90 28 270 418 
91 16 551 209 
92 68 636 571 
93 56 458 637 
94 27 750 340 
95 26 647 413 
96 83 681 591 
97 90 385 205 
98 58 693 590 
99 39 338 279 
