150 150 
0 30 24 79 
1 72 30 43 
2 4 32 53 
3 88 74 45 
4 54 67 65 
5 64 30 23 
6 90 87 97 
7 26 69 91 
8 94 74 77 
9 28 66 73 
10 72 36 42 
11 49 82 56 
12 54 89 53 
13 19 47 77 
14 28 55 40 
15 61 77 38 
16 84 24 38 
17 23 73 28 
18 67 29 28 
19 53 44 82 
20 54 55 21 
21 16 27 23 
22 9 30 52 
23 54 82 99 
24 77 68 22 
25 80 60 26 
26 68 74 21 
27 39 75 26 
28 25 54 85 
29 74 30 28 
30 14 46 35 
31 53 94 68 
32 35 31 40 
33 100 62 48 
34 39 98 57 
35 82 76 57 
36 62 42 66 
37 80 66 49 
38 94 87 78 
39 4 67 89 
40 100 80 47 
41 93 62 23 
42 95 57 36 
43 8 58 49 
44 7 81 54 
45 90 92 68 
46 84 81 56 
47 10 66 89 
48 13 91 24 
49 63 68 67 
