150 150 
0 30 21 27 
1 72 21 50 
2 4 21 75 
3 88 22 50 
4 54 22 52 
5 64 22 60 
6 90 22 81 
7 26 23 30 
8 94 23 34 
9 28 23 57 
10 72 23 79 
11 49 23 81 
12 54 23 87 
13 19 23 88 
14 28 24 27 
15 61 24 46 
16 84 24 68 
17 23 25 97 
18 67 26 20 
19 53 26 54 
20 54 26 74 
21 16 27 60 
22 9 27 69 
23 54 27 91 
24 77 28 29 
25 80 28 41 
26 68 28 44 
27 39 28 46 
28 25 29 49 
29 74 30 36 
30 14 30 43 
31 53 31 39 
32 35 31 41 
33 100 31 54 
34 39 31 78 
35 82 32 91 
36 62 32 93 
37 80 32 97 
38 94 33 38 
39 4 33 92 
40 100 34 55 
41 93 34 71 
42 95 35 29 
43 8 35 30 
44 7 35 94 
45 90 36 54 
46 84 36 58 
47 10 37 35 
48 13 37 44 
49 63 38 24 
50 3 38 28 
51 86 38 31 
52 96 38 73 
53 74 39 40 
54 50 40 30 
55 78 40 35 
56 37 40 62 
57 4 40 77 
58 49 40 93 
59 72 41 39 
60 2 41 82 
61 10 42 52 
62 33 42 82 
63 90 43 32 
64 29 44 44 
65 80 44 67 
66 55 44 79 
67 47 45 21 
68 12 45 49 
69 38 45 55 
70 78 45 67 
71 75 47 62 
72 11 48 55 
73 5 48 98 
74 50 49 47 
75 69 49 81 
76 20 49 87 
77 35 49 99 
78 5 50 49 
79 99 50 59 
80 43 50 82 
81 65 52 82 
82 90 52 91 
83 53 52 96 
84 72 53 47 
85 4 53 74 
86 20 54 26 
87 45 54 58 
88 72 54 78 
89 60 54 92 
90 28 54 93 
91 16 55 98 
92 68 56 29 
93 56 56 59 
94 27 56 66 
95 26 56 76 
96 83 56 89 
97 90 57 42 
98 58 57 51 
99 39 57 64 
100 70 57 76 
101 50 57 79 
102 5 57 92 
103 15 58 48 
104 20 59 98 
105 39 60 48 
106 96 61 32 
107 43 61 45 
108 3 61 80 
109 46 62 36 
110 58 62 70 
111 92 63 29 
112 33 63 45 
113 90 63 71 
114 45 64 76 
115 86 64 89 
116 42 65 30 
117 77 65 56 
118 64 66 20 
119 4 66 66 
120 98 67 21 
121 65 67 94 
122 89 68 31 
123 74 68 81 
124 68 69 70 
125 29 69 84 
126 70 73 36 
127 96 73 45 
128 85 73 46 
129 12 73 67 
130 73 74 26 
131 77 74 48 
132 32 74 86 
133 59 75 63 
134 41 76 59 
135 51 76 92 
136 33 77 34 
137 100 77 53 
138 9 77 55 
139 87 77 64 
140 63 77 66 
141 43 78 37 
142 82 78 67 
143 69 78 69 
144 62 79 72 
145 64 80 48 
146 27 80 97 
147 95 81 26 
148 88 81 47 
149 98 81 55 
150 56 82 46 
151 87 82 55 
152 5 82 58 
153 46 83 88 
154 66 84 44 
155 94 84 45 
156 18 84 72 
157 47 85 30 
158 74 85 42 
159 70 85 55 
160 7 85 86 
161 97 86 72 
162 35 86 75 
163 17 87 78 
164 83 87 94 
165 16 89 65 
166 11 89 80 
167 64 89 86 
168 29 89 91 
169 82 90 31 
170 60 90 51 
171 47 90 69 
172 89 90 94 
173 66 91 30 
174 48 91 34 
175 12 91 74 
176 60 92 59 
177 44 93 39 
178 8 93 63 
179 75 93 86 
180 11 93 100 
181 24 94 37 
182 22 94 86 
183 16 95 41 
184 5 95 53 
185 77 95 56 
186 43 95 69 
187 16 95 77 
188 76 96 32 
189 26 96 43 
190 40 96 73 
191 69 97 60 
192 72 97 69 
193 28 98 26 
194 27 99 42 
195 16 99 44 
196 54 99 48 
197 16 99 68 
