1000 1000 
0 30 448 602 
1 72 391 555 
2 4 537 279 
3 88 221 706 
4 54 775 571 
5 64 733 606 
6 90 629 545 
7 26 595 321 
8 94 365 668 
9 28 472 718 
10 72 449 406 
11 49 631 465 
12 54 349 627 
13 19 339 226 
14 28 332 597 
15 61 262 271 
16 84 263 382 
17 23 668 464 
18 67 210 249 
19 53 223 272 
20 54 439 666 
21 16 793 563 
22 9 217 497 
23 54 245 603 
24 77 211 612 
25 80 247 458 
26 68 686 275 
27 39 264 395 
28 25 311 753 
29 74 563 282 
30 14 351 514 
31 53 411 783 
32 35 474 623 
33 100 474 367 
34 39 545 549 
35 82 420 700 
36 62 632 556 
37 80 715 649 
38 94 401 512 
39 4 225 480 
40 100 319 484 
41 93 417 659 
42 95 453 738 
43 8 559 655 
44 7 468 541 
45 90 715 732 
46 84 233 560 
47 10 555 758 
48 13 413 461 
49 63 543 200 
50 3 676 710 
51 86 746 524 
52 96 287 776 
53 74 232 397 
54 50 514 323 
55 78 667 486 
56 37 423 419 
57 4 317 457 
58 49 481 531 
59 72 649 776 
60 2 755 325 
61 10 330 312 
62 33 310 268 
63 90 627 529 
64 29 215 427 
65 80 606 695 
66 55 535 468 
67 47 734 277 
68 12 338 257 
69 38 478 741 
70 78 689 463 
71 75 704 754 
72 11 456 750 
73 5 678 383 
74 50 505 386 
75 69 469 494 
76 20 703 638 
77 35 341 353 
78 5 516 572 
79 99 762 628 
80 43 212 655 
81 65 599 386 
82 90 257 354 
83 53 718 692 
84 72 717 535 
85 4 386 414 
86 20 660 464 
87 45 270 418 
88 72 551 209 
89 60 636 571 
90 28 458 637 
91 16 750 340 
92 68 647 413 
93 56 681 591 
94 27 385 205 
95 26 693 590 
96 83 338 279 
97 90 654 405 
98 58 774 502 
99 39 631 303 
100 70 359 341 
101 50 290 749 
102 5 359 661 
103 15 698 611 
104 20 441 731 
105 39 722 755 
106 96 473 616 
107 43 628 448 
108 3 520 584 
109 46 282 357 
110 58 249 500 
111 92 352 747 
112 33 727 432 
113 90 505 287 
114 45 220 646 
115 86 606 242 
116 42 796 409 
117 77 723 280 
118 64 521 388 
119 4 522 266 
120 98 661 248 
121 65 470 268 
122 89 283 458 
123 74 634 552 
124 68 455 483 
125 29 680 385 
126 70 642 591 
127 96 474 434 
128 85 511 647 
129 12 684 364 
130 73 529 719 
131 77 377 644 
132 32 762 473 
133 59 618 739 
134 41 278 376 
135 51 275 317 
136 33 743 495 
137 100 214 443 
138 9 423 495 
139 87 302 585 
140 63 785 245 
141 43 606 409 
142 82 497 410 
143 69 791 382 
144 62 223 658 
145 64 726 571 
146 27 233 254 
147 95 476 641 
148 88 391 466 
149 98 309 461 
150 56 764 360 
151 87 690 696 
152 5 420 403 
153 46 487 414 
154 66 425 661 
155 94 566 680 
156 18 245 202 
157 47 794 362 
158 74 747 692 
159 70 638 326 
160 7 599 397 
161 97 363 439 
162 35 465 785 
163 17 438 767 
164 83 615 521 
165 16 328 378 
166 11 312 273 
167 64 301 338 
168 29 226 307 
169 82 222 713 
170 60 622 490 
171 47 759 571 
172 89 766 288 
173 66 378 377 
174 48 727 569 
175 12 746 799 
176 60 769 599 
177 44 730 303 
178 8 760 444 
179 75 595 556 
180 11 767 371 
181 24 210 424 
182 22 456 248 
183 16 240 775 
184 5 294 740 
185 77 353 275 
186 43 348 314 
187 16 414 790 
188 76 284 637 
189 26 491 787 
190 40 568 575 
191 69 250 734 
192 72 669 396 
193 28 758 696 
194 27 251 566 
195 16 281 340 
196 54 382 551 
197 16 287 733 
198 21 529 618 
199 51 642 741 
