1000 1000 
0 30 315 355 
1 72 117 321 
2 4 137 188 
3 88 143 224 
4 54 301 195 
5 64 278 269 
6 90 139 110 
7 26 353 388 
8 94 285 367 
9 28 303 314 
10 72 272 297 
11 49 160 182 
12 54 334 236 
13 19 359 225 
14 28 203 315 
15 61 232 175 
16 84 313 169 
17 23 113 166 
18 67 298 131 
19 53 135 132 
20 54 191 334 
21 16 232 105 
22 9 125 111 
23 54 136 220 
24 77 333 396 
25 80 281 109 
26 68 249 123 
27 39 301 105 
28 25 306 123 
29 74 229 343 
30 14 137 132 
31 53 198 156 
32 35 377 281 
33 100 141 176 
34 39 257 205 
35 82 392 237 
36 62 312 237 
37 80 184 273 
38 94 274 210 
39 4 350 316 
40 100 278 357 
41 93 325 201 
42 95 256 112 
43 8 240 160 
44 7 242 209 
45 90 330 226 
46 84 369 279 
47 10 327 234 
48 13 271 358 
49 63 366 117 
50 3 280 277 
51 86 379 207 
52 96 230 271 
53 74 100 338 
54 50 355 373 
55 78 262 144 
56 37 388 116 
57 4 199 257 
58 49 162 333 
59 72 243 212 
60 2 210 158 
61 10 228 240 
62 33 266 325 
63 90 388 377 
64 29 163 165 
65 80 156 155 
66 55 134 314 
67 47 265 107 
68 12 213 303 
69 38 348 268 
70 78 234 367 
71 75 139 169 
72 11 129 239 
73 5 371 344 
74 50 231 352 
75 69 377 228 
76 20 375 339 
77 35 191 252 
78 5 193 234 
79 99 247 351 
80 43 319 171 
81 65 177 258 
82 90 286 381 
83 53 314 106 
84 72 328 300 
85 4 193 128 
86 20 177 359 
87 45 346 359 
88 72 267 193 
89 60 207 330 
90 28 232 135 
91 16 209 275 
92 68 105 318 
93 56 286 229 
94 27 318 375 
95 26 170 323 
96 83 207 340 
97 90 295 192 
98 58 103 346 
99 39 295 169 
