1000 1000 
0 30 145 414 
1 72 671 319 
2 4 592 563 
3 88 132 36 
4 54 843 959 
5 64 618 889 
6 90 676 715 
7 26 575 658 
8 94 202 275 
9 28 780 453 
10 72 864 416 
11 49 344 718 
12 54 442 250 
13 19 712 232 
14 28 45 221 
15 61 661 105 
16 84 118 106 
17 23 304 780 
18 67 440 18 
19 53 83 39 
20 54 121 399 
21 16 776 988 
22 9 605 30 
23 54 496 76 
24 77 671 19 
25 80 686 79 
26 68 430 811 
27 39 125 107 
28 25 326 186 
29 74 922 605 
30 14 137 253 
31 53 524 352 
32 35 972 457 
33 100 706 457 
34 39 280 576 
35 82 582 367 
36 62 834 720 
37 80 594 858 
38 94 749 336 
39 4 521 42 
40 100 467 199 
41 93 474 363 
42 95 766 422 
43 8 898 598 
44 7 758 448 
45 90 569 859 
46 84 887 56 
47 10 600 591 
48 13 931 356 
49 63 435 571 
50 3 2 793 
51 86 851 910 
52 96 541 146 
53 74 959 54 
54 50 330 524 
55 78 206 778 
56 37 477 372 
57 4 366 195 
58 49 428 469 
59 72 553 749 
60 2 961 924 
61 10 210 218 
62 33 187 185 
63 90 115 713 
64 29 549 26 
65 80 379 678 
66 55 826 559 
67 47 447 891 
68 12 130 230 
69 38 96 464 
70 78 902 815 
71 75 438 840 
72 11 924 427 
73 5 917 798 
74 50 305 509 
75 69 311 448 
76 20 490 838 
77 35 731 236 
78 5 256 528 
79 99 621 937 
80 43 714 21 
81 65 759 666 
82 90 311 96 
83 53 257 864 
84 72 821 862 
85 4 558 311 
86 20 358 766 
87 45 441 117 
88 72 364 585 
89 60 17 726 
90 28 619 430 
91 16 728 917 
92 68 234 745 
93 56 356 801 
94 27 651 309 
95 26 9 822 
96 83 651 231 
97 90 133 757 
98 58 343 957 
99 39 504 719 
