150 150 
0 30 20 83 
1 72 20 99 
2 4 21 78 
3 88 21 86 
4 54 24 38 
5 64 26 25 
6 90 26 56 
7 26 26 74 
8 94 26 99 
9 28 27 23 
10 72 27 57 
11 49 28 57 
12 54 29 28 
13 19 29 31 
14 28 29 77 
15 61 29 81 
16 84 30 23 
17 23 30 28 
18 67 30 33 
19 53 30 38 
20 54 30 40 
21 16 30 52 
22 9 31 40 
23 54 31 63 
24 77 31 81 
25 80 32 23 
26 68 32 44 
27 39 32 53 
28 25 34 23 
29 74 34 41 
30 14 34 95 
31 53 35 35 
32 35 35 49 
33 100 36 42 
34 39 36 82 
35 82 36 92 
36 62 37 37 
37 80 37 73 
38 94 38 23 
39 4 39 32 
40 100 39 44 
41 93 39 80 
42 95 40 62 
43 8 41 27 
44 7 41 85 
45 90 41 89 
46 84 42 64 
47 10 42 66 
48 13 42 93 
49 63 43 21 
50 3 43 30 
51 86 44 23 
52 96 44 35 
53 74 44 61 
54 50 44 82 
55 78 44 90 
56 37 45 28 
57 4 45 56 
58 49 45 63 
59 72 45 79 
60 2 46 35 
61 10 46 42 
62 33 46 62 
63 90 46 94 
64 29 47 58 
65 80 47 77 
66 55 47 97 
67 47 48 50 
68 12 48 60 
69 38 48 84 
70 78 48 90 
71 75 48 99 
72 11 49 36 
73 5 49 67 
74 50 49 81 
75 69 50 54 
76 20 50 74 
77 35 51 61 
78 5 52 50 
79 99 52 55 
80 43 53 63 
81 65 53 73 
82 90 54 57 
83 53 54 78 
84 72 54 85 
85 4 55 21 
86 20 55 29 
87 45 55 34 
88 72 55 40 
89 60 55 66 
90 28 55 87 
91 16 55 95 
92 68 56 76 
93 56 56 91 
94 27 57 36 
95 26 58 49 
96 83 58 50 
97 90 58 84 
98 58 59 22 
99 39 59 34 
100 70 59 87 
101 50 59 95 
102 5 60 26 
103 15 60 40 
104 20 60 77 
105 39 62 23 
106 96 62 48 
107 43 63 32 
108 3 63 37 
109 46 64 22 
110 58 64 80 
111 92 65 45 
112 33 66 49 
113 90 66 73 
114 45 66 89 
115 86 67 32 
116 42 67 54 
117 77 67 65 
118 64 67 89 
119 4 67 96 
120 98 68 22 
121 65 68 67 
122 89 69 24 
123 74 69 31 
124 68 69 54 
125 29 69 91 
126 70 69 93 
127 96 69 96 
128 85 70 27 
129 12 70 95 
130 73 71 31 
131 77 71 98 
132 32 72 38 
133 59 72 45 
134 41 72 57 
135 51 73 28 
136 33 73 91 
137 100 74 21 
138 9 74 45 
139 87 74 77 
140 63 75 26 
141 43 75 52 
142 82 76 57 
143 69 76 77 
144 62 76 79 
145 64 77 22 
146 27 77 38 
147 95 78 39 
148 88 78 59 
149 98 78 93 
150 56 79 45 
151 87 79 74 
152 5 79 95 
153 46 80 47 
154 66 80 85 
155 94 81 54 
156 18 81 56 
157 47 81 73 
158 74 81 90 
159 70 82 56 
160 7 82 69 
161 97 82 86 
162 35 82 99 
163 17 84 26 
164 83 86 27 
165 16 86 49 
166 11 86 65 
167 64 86 78 
168 29 86 89 
169 82 87 78 
170 60 87 97 
171 47 88 76 
172 89 88 93 
173 66 89 44 
174 48 89 53 
175 12 91 24 
176 60 91 64 
177 44 91 82 
178 8 91 90 
179 75 92 30 
180 11 92 40 
181 24 92 68 
182 22 92 85 
183 16 93 41 
184 5 93 84 
185 77 93 90 
186 43 94 48 
187 16 94 54 
188 76 94 56 
189 26 94 68 
190 40 96 75 
191 69 97 24 
192 72 97 33 
193 28 97 94 
194 27 98 52 
195 16 98 57 
196 54 98 69 
197 16 99 31 
198 21 100 96 
