1000 1000 
0 30 25 84 
1 72 25 99 
2 4 26 79 
3 88 26 87 
4 54 28 41 
5 64 29 80 
6 90 30 100 
7 26 31 28 
8 94 31 30 
9 28 31 59 
10 72 31 76 
11 49 32 60 
12 54 33 35 
13 19 33 83 
14 28 34 33 
15 61 34 38 
16 84 34 43 
17 23 34 47 
18 67 34 55 
19 53 34 78 
20 54 35 28 
21 16 35 42 
22 9 35 44 
23 54 35 65 
24 77 35 82 
25 80 36 28 
26 68 36 47 
27 39 36 56 
28 25 38 28 
29 74 38 45 
30 14 38 95 
31 53 39 39 
32 35 39 52 
33 100 40 46 
34 39 40 83 
35 82 40 93 
36 62 41 41 
37 80 41 75 
38 94 42 28 
39 4 42 48 
40 100 42 81 
41 93 43 36 
42 95 44 65 
43 8 44 90 
44 7 45 31 
45 90 45 86 
46 84 45 93 
47 10 46 26 
48 13 46 66 
49 63 46 68 
50 3 47 34 
51 86 47 39 
52 96 47 91 
53 74 48 28 
54 50 48 32 
55 78 48 59 
56 37 48 63 
57 4 48 65 
58 49 48 80 
59 72 48 84 
60 2 49 39 
61 10 50 45 
62 33 50 61 
63 90 50 64 
64 29 50 95 
65 80 51 62 
66 55 51 79 
67 47 51 90 
68 12 51 97 
69 38 51 99 
70 78 52 40 
71 75 52 53 
72 11 52 69 
73 5 52 82 
74 50 52 85 
75 69 53 57 
76 20 53 76 
77 35 54 63 
78 5 54 64 
79 99 55 53 
80 43 55 58 
81 65 56 65 
82 90 56 74 
83 53 57 60 
84 72 57 79 
85 4 57 86 
86 20 58 26 
87 45 58 34 
88 72 58 39 
89 60 58 44 
90 28 58 68 
91 16 58 88 
92 68 58 92 
93 56 58 96 
94 27 59 77 
95 26 60 40 
96 83 60 85 
97 90 61 52 
98 58 61 53 
99 39 61 95 
100 70 62 27 
101 50 62 31 
102 5 62 38 
103 15 62 88 
104 20 63 44 
105 39 63 79 
106 96 64 28 
107 43 64 51 
108 3 65 41 
109 46 66 27 
110 58 66 36 
111 92 66 81 
112 33 67 48 
113 90 68 74 
114 45 68 89 
115 86 69 36 
116 42 69 52 
117 77 69 57 
118 64 69 67 
119 4 69 96 
120 98 70 27 
121 65 70 69 
122 89 70 89 
123 74 71 29 
124 68 71 35 
125 29 71 57 
126 70 71 92 
127 96 71 93 
128 85 71 96 
129 12 72 31 
130 73 72 95 
131 77 73 35 
132 32 73 98 
133 59 74 42 
134 41 74 48 
135 51 74 59 
136 33 75 26 
137 100 75 33 
138 9 75 49 
139 87 75 91 
140 63 76 31 
141 43 76 55 
142 82 76 79 
143 69 77 78 
144 62 78 42 
145 64 78 59 
146 27 79 27 
147 95 80 43 
148 88 80 49 
149 98 80 61 
150 56 80 94 
151 87 81 50 
152 5 81 76 
153 46 81 86 
154 66 81 95 
155 94 82 57 
156 18 82 59 
157 47 82 75 
158 74 82 91 
159 70 83 59 
160 7 83 71 
161 97 83 87 
162 35 83 99 
163 17 85 31 
164 83 86 80 
165 16 87 31 
166 11 87 52 
167 64 87 67 
168 29 87 90 
169 82 88 79 
170 60 88 97 
171 47 89 78 
172 89 89 93 
173 66 90 47 
174 48 90 56 
175 12 91 90 
176 60 92 29 
177 44 92 35 
178 8 92 44 
179 75 92 70 
180 11 92 84 
181 24 93 86 
182 22 93 91 
183 16 94 45 
184 5 94 57 
185 77 94 59 
186 43 94 70 
187 16 94 85 
188 76 95 52 
189 26 96 77 
190 40 97 29 
191 69 97 37 
192 72 97 94 
193 28 98 55 
194 27 98 59 
195 16 98 71 
196 54 99 35 
197 16 100 96 
