1000 1000 
0 30 851 57 
1 72 736 126 
2 4 294 145 
3 88 414 671 
4 54 319 592 
5 64 563 132 
6 90 36 843 
7 26 959 618 
8 94 889 676 
9 28 715 575 
10 72 658 202 
11 49 275 780 
12 54 453 864 
13 19 416 344 
14 28 718 442 
15 61 250 712 
16 84 232 45 
17 23 221 661 
18 67 105 118 
19 53 106 304 
20 54 780 440 
21 16 18 83 
22 9 39 121 
23 54 399 776 
24 77 988 605 
25 80 30 496 
26 68 76 671 
27 39 19 686 
28 25 79 430 
29 74 811 125 
30 14 107 326 
31 53 186 922 
32 35 605 137 
33 100 253 524 
34 39 352 972 
35 82 457 706 
36 62 457 280 
37 80 576 582 
38 94 367 834 
39 4 720 594 
40 100 858 749 
41 93 336 521 
42 95 42 467 
43 8 199 474 
44 7 363 766 
45 90 422 898 
46 84 598 758 
47 10 448 569 
48 13 859 887 
49 63 56 600 
50 3 591 931 
51 86 356 435 
52 96 571 2 
53 74 793 851 
54 50 910 541 
55 78 146 959 
56 37 54 330 
57 4 524 206 
58 49 778 477 
59 72 372 366 
60 2 195 428 
61 10 469 553 
62 33 749 961 
63 90 924 210 
64 29 218 187 
65 80 185 115 
66 55 713 549 
67 47 26 379 
68 12 678 826 
69 38 559 447 
70 78 891 130 
71 75 230 96 
72 11 464 902 
73 5 815 438 
74 50 840 924 
75 69 427 917 
76 20 798 305 
77 35 509 311 
78 5 448 490 
79 99 838 731 
80 43 236 256 
81 65 528 621 
82 90 937 714 
83 53 21 759 
84 72 666 311 
85 4 96 257 
86 20 864 821 
87 45 862 558 
88 72 311 358 
89 60 766 441 
90 28 117 364 
91 16 585 17 
92 68 726 619 
93 56 430 728 
94 27 917 234 
95 26 745 356 
96 83 801 651 
97 90 309 9 
98 58 822 651 
99 39 231 133 
100 70 757 343 
101 50 957 504 
102 5 719 172 
103 15 265 235 
104 20 151 915 
105 39 266 769 
106 96 831 685 
107 43 403 885 
108 3 870 925 
109 46 455 694 
110 58 713 414 
111 92 533 640 
112 33 138 262 
113 90 82 501 
114 45 255 913 
115 86 878 387 
116 42 509 146 
117 77 35 744 
118 64 677 71 
119 4 993 349 
120 98 872 134 
121 65 535 313 
122 89 537 111 
123 74 768 82 
124 68 451 114 
125 29 140 431 
126 70 723 587 
127 96 425 473 
128 85 799 309 
129 12 736 652 
130 73 458 390 
131 77 518 745 
132 32 808 275 
133 59 548 865 
134 41 295 740 
135 51 937 456 
136 33 697 899 
137 100 131 294 
138 9 126 195 
139 87 904 491 
140 63 25 406 
141 43 372 493 
142 82 171 642 
143 69 975 76 
144 62 676 349 
145 64 495 351 
146 27 986 304 
147 95 40 763 
148 88 877 618 
149 98 55 91 
150 56 461 736 
151 87 318 444 
152 5 182 435 
153 46 940 267 
154 66 817 827 
155 94 367 339 
156 18 479 357 
157 47 375 769 
158 74 610 800 
159 70 76 5 
160 7 990 270 
161 97 912 820 
162 35 730 211 
163 17 665 329 
164 83 273 399 
165 16 443 974 
166 11 397 946 
167 64 691 535 
168 29 214 298 
169 82 188 122 
170 60 169 231 
171 47 44 179 
172 89 38 855 
173 66 703 484 
174 48 932 618 
175 12 944 148 
176 60 297 295 
177 44 878 616 
178 8 910 998 
179 75 949 665 
180 11 883 172 
181 24 934 407 
182 22 659 593 
183 16 946 287 
184 5 18 375 
185 77 428 81 
186 43 68 959 
187 16 158 900 
188 76 255 126 
189 26 247 190 
190 40 357 983 
191 69 140 728 
192 72 485 979 
193 28 614 626 
194 27 84 890 
195 16 781 327 
196 54 930 826 
197 16 86 610 
198 21 137 234 
199 51 305 585 
