1000 1000 
0 30 82 62 
1 72 157 178 
2 4 58 160 
3 88 69 94 
4 54 72 112 
5 64 151 98 
6 90 139 134 
7 26 70 55 
8 94 176 194 
9 28 143 183 
10 72 151 157 
11 49 136 149 
12 54 80 91 
13 19 167 118 
14 28 180 112 
15 61 102 158 
16 84 116 87 
17 23 157 85 
18 67 57 83 
19 53 149 66 
20 54 68 66 
21 16 95 167 
22 9 116 53 
23 54 62 56 
24 77 68 110 
25 80 166 198 
26 68 141 54 
27 39 124 61 
28 25 151 53 
29 74 153 62 
30 14 114 172 
31 53 69 66 
32 35 99 78 
33 100 188 141 
34 39 70 88 
35 82 128 103 
36 62 196 118 
37 80 156 119 
38 94 92 136 
39 4 137 105 
40 100 175 158 
41 93 139 179 
42 95 162 100 
43 8 128 56 
44 7 120 80 
45 90 121 104 
46 84 165 113 
47 10 185 140 
48 13 164 117 
49 63 135 179 
50 3 183 58 
51 86 140 139 
52 96 190 103 
53 74 115 136 
54 50 50 169 
55 78 178 187 
56 37 131 72 
57 4 194 58 
58 49 99 128 
59 72 81 167 
60 2 121 106 
61 10 105 79 
62 33 114 120 
63 90 133 162 
64 29 194 189 
65 80 81 83 
66 55 78 78 
67 47 67 157 
68 12 132 54 
69 38 107 152 
70 78 174 134 
71 75 117 184 
72 11 69 84 
73 5 64 120 
74 50 185 172 
75 69 116 176 
76 20 189 114 
77 35 187 170 
78 5 96 126 
79 99 97 117 
80 43 123 176 
81 65 160 85 
82 90 88 129 
83 53 143 191 
84 72 157 53 
85 4 164 150 
86 20 96 64 
87 45 88 180 
88 72 173 179 
89 60 134 97 
90 28 104 165 
91 16 116 67 
92 68 105 138 
93 56 52 159 
94 27 143 114 
95 26 159 188 
96 83 85 162 
97 90 103 170 
98 58 148 96 
99 39 51 173 
