1000 1000 
0 30 157 178 
1 72 58 160 
2 4 69 94 
3 88 72 112 
4 54 151 98 
5 64 139 134 
6 90 70 55 
7 26 176 194 
8 94 143 183 
9 28 151 157 
10 72 136 149 
11 49 80 91 
12 54 167 118 
13 19 180 112 
14 28 102 158 
15 61 116 87 
16 84 157 85 
17 23 57 83 
18 67 149 66 
19 53 68 66 
20 54 95 167 
21 16 116 53 
22 9 62 56 
23 54 68 110 
24 77 166 198 
25 80 141 54 
26 68 124 61 
27 39 151 53 
28 25 153 62 
29 74 114 172 
30 14 69 66 
31 53 99 78 
32 35 188 141 
33 100 70 88 
34 39 128 103 
35 82 196 118 
36 62 156 119 
37 80 92 136 
38 94 137 105 
39 4 175 158 
40 100 139 179 
41 93 162 100 
42 95 128 56 
43 8 120 80 
44 7 121 104 
45 90 165 113 
46 84 185 140 
47 10 164 117 
48 13 135 179 
49 63 183 58 
