150 150 
0 30 20 26 
1 72 21 26 
2 4 21 27 
3 88 24 18 
4 54 27 18 
5 64 28 27 
6 90 29 21 
7 26 29 33 
8 94 30 21 
9 28 30 22 
10 72 30 25 
11 49 30 28 
12 54 31 26 
13 19 31 36 
14 28 32 30 
15 61 35 29 
16 84 36 31 
17 23 36 42 
18 67 37 31 
19 53 39 44 
20 54 40 41 
21 16 41 48 
22 9 42 44 
23 54 44 44 
24 77 44 50 
25 80 45 37 
26 68 45 44 
27 39 46 40 
28 25 46 46 
29 74 47 51 
30 14 47 56 
31 53 48 54 
32 35 49 43 
33 100 49 51 
34 39 49 54 
35 82 50 54 
36 62 54 53 
37 80 54 60 
38 94 55 45 
39 4 55 47 
40 100 55 50 
41 93 55 56 
42 95 55 62 
43 8 56 64 
44 7 57 51 
45 90 58 55 
46 84 59 66 
47 10 60 52 
48 13 60 64 
49 63 62 53 
50 3 62 59 
51 86 63 56 
52 96 64 54 
53 74 64 69 
54 50 65 61 
55 78 66 63 
56 37 66 69 
57 4 66 73 
58 49 67 68 
59 72 67 74 
60 2 68 59 
61 10 68 70 
62 33 69 68 
63 90 69 77 
64 29 70 79 
65 80 72 67 
66 55 72 68 
67 47 73 65 
68 12 74 64 
69 38 74 70 
70 78 74 78 
71 75 75 67 
72 11 76 75 
73 5 77 67 
74 50 77 72 
75 69 78 73 
76 20 78 86 
77 35 80 77 
78 5 81 79 
79 99 81 80 
80 43 81 84 
81 65 82 81 
82 90 82 92 
83 53 86 87 
84 72 86 93 
85 4 87 91 
86 20 87 96 
87 45 88 96 
88 72 89 87 
89 60 91 82 
90 28 92 94 
91 16 92 98 
92 68 93 99 
93 56 94 91 
94 27 94 93 
95 26 94 96 
96 83 97 88 
97 90 97 105 
98 58 98 97 
