1000 1000 
0 30 31 79 
1 72 89 29 
2 4 80 34 
3 88 47 36 
4 54 56 75 
5 64 49 69 
6 90 67 35 
7 26 28 88 
8 94 97 71 
9 28 92 76 
10 72 79 68 
11 49 74 40 
12 54 46 83 
13 19 59 90 
14 28 56 51 
15 61 79 58 
16 84 44 78 
17 23 42 28 
18 67 41 75 
19 53 33 34 
20 54 33 48 
21 16 84 58 
22 9 26 31 
23 54 28 34 
24 77 55 83 
25 80 99 70 
26 68 27 62 
27 39 31 75 
28 25 26 76 
29 74 31 57 
30 14 86 34 
31 53 33 49 
32 35 39 94 
33 100 70 35 
34 39 44 64 
35 82 51 98 
36 62 59 78 
37 80 59 46 
38 94 68 69 
39 4 52 88 
40 100 79 70 
41 93 89 81 
42 95 50 64 
43 8 28 60 
44 7 40 61 
45 90 52 82 
46 84 57 92 
47 10 70 82 
48 13 59 68 
49 63 89 92 
50 3 29 70 
51 86 69 95 
52 96 52 58 
53 74 68 25 
54 50 84 89 
55 78 93 66 
56 37 36 97 
57 4 29 50 
58 49 64 40 
59 72 83 61 
60 2 53 52 
61 10 40 57 
62 33 60 66 
63 90 81 97 
64 29 94 41 
65 80 41 39 
66 55 39 34 
67 47 78 66 
68 12 27 53 
69 38 76 87 
70 78 67 58 
71 75 92 35 
72 11 42 32 
73 5 60 93 
74 50 86 58 
75 69 88 94 
76 20 57 94 
77 35 85 48 
78 5 63 48 
79 99 59 62 
80 43 88 80 
81 65 43 44 
82 90 65 72 
83 53 95 79 
84 72 27 82 
85 4 75 48 
86 20 32 44 
87 45 90 87 
88 72 90 67 
89 60 48 52 
90 28 82 58 
91 16 34 52 
92 68 69 26 
93 56 79 71 
94 27 57 80 
95 26 94 42 
96 83 81 52 
97 90 85 74 
98 58 48 26 
99 39 87 74 
