150 150 
0 30 88 79 
1 72 79 71 
2 4 43 36 
3 88 53 56 
4 54 45 47 
5 64 65 58 
6 90 23 30 
7 26 97 99 
8 94 91 95 
9 28 77 78 
10 72 73 67 
11 49 42 48 
12 54 56 63 
13 19 53 50 
14 28 77 76 
15 61 40 44 
16 84 38 29 
17 23 38 41 
18 67 28 20 
19 53 28 24 
20 54 82 81 
21 16 21 13 
22 9 23 15 
23 54 52 58 
24 77 99 101 
25 80 22 22 
26 68 26 29 
27 39 21 25 
28 25 26 25 
29 74 85 77 
30 14 28 25 
31 53 35 43 
32 35 68 61 
33 100 40 40 
34 39 48 57 
35 82 57 61 
36 62 57 53 
37 80 66 68 
38 94 49 56 
39 4 78 80 
40 100 89 94 
41 93 47 47 
42 95 23 22 
43 8 36 35 
44 7 49 54 
45 90 54 62 
46 84 68 73 
47 10 56 57 
48 13 89 97 
49 63 24 26 
