150 150 
0 30 30 43 
1 72 32 53 
2 4 74 45 
3 88 67 65 
4 54 30 23 
5 64 87 97 
6 90 69 91 
7 26 74 77 
8 94 66 73 
9 28 36 42 
10 72 82 56 
11 49 89 53 
12 54 47 77 
13 19 55 40 
14 28 77 38 
15 61 24 38 
16 84 73 28 
17 23 29 28 
18 67 44 82 
19 53 55 21 
20 54 27 23 
21 16 30 52 
22 9 82 99 
23 54 68 22 
24 77 60 26 
25 80 74 21 
26 68 75 26 
27 39 54 85 
28 25 30 28 
29 74 46 35 
30 14 94 68 
31 53 31 40 
32 35 62 48 
33 100 98 57 
34 39 76 57 
35 82 42 66 
36 62 66 49 
37 80 87 78 
38 94 67 89 
39 4 80 47 
40 100 62 23 
41 93 57 36 
42 95 58 49 
43 8 81 54 
44 7 92 68 
45 90 81 56 
46 84 66 89 
47 10 91 24 
48 13 68 67 
49 63 94 48 
50 3 55 66 
51 86 20 83 
52 96 88 93 
53 74 63 32 
54 50 97 24 
55 78 46 62 
56 37 36 82 
57 4 58 50 
58 49 49 36 
59 72 54 57 
60 2 64 80 
61 10 97 94 
62 33 37 37 
63 90 35 35 
64 29 29 77 
65 80 64 22 
66 55 50 74 
67 47 86 65 
68 12 56 91 
69 38 30 38 
70 78 28 57 
71 75 92 85 
72 11 55 87 
73 5 94 54 
74 50 93 84 
75 69 44 61 
76 20 45 56 
77 35 59 87 
78 5 78 39 
79 99 40 62 
80 43 70 95 
81 65 77 22 
82 90 81 73 
83 53 45 28 
84 72 41 89 
85 4 86 89 
86 20 65 45 
87 45 49 81 
88 72 55 29 
89 60 49 67 
90 28 21 78 
91 16 69 54 
92 68 78 93 
93 56 39 80 
94 27 48 84 
95 26 72 45 
96 83 21 86 
97 90 72 38 
98 58 31 81 
99 39 47 97 
