150 150 
0 30 21 27 
1 72 21 50 
2 4 21 75 
3 88 22 50 
4 54 22 52 
5 64 22 60 
6 90 22 81 
7 26 23 30 
8 94 23 34 
9 28 23 57 
10 72 23 79 
11 49 23 81 
12 54 23 87 
13 19 23 88 
14 28 24 27 
15 61 24 46 
16 84 24 68 
17 23 25 97 
18 67 26 20 
19 53 26 54 
20 54 26 74 
21 16 27 60 
22 9 27 69 
23 54 27 91 
24 77 28 29 
25 80 28 41 
26 68 28 44 
27 39 28 46 
28 25 29 49 
29 74 30 36 
30 14 30 43 
31 53 31 39 
32 35 31 41 
33 100 31 54 
34 39 31 78 
35 82 32 93 
36 62 32 97 
37 80 33 38 
38 94 33 92 
39 4 34 55 
40 100 34 71 
41 93 35 29 
42 95 35 30 
43 8 35 94 
44 7 36 54 
45 90 36 58 
46 84 37 35 
47 10 37 44 
48 13 38 24 
49 63 38 28 
50 3 38 31 
51 86 38 73 
52 96 39 40 
53 74 40 30 
54 50 40 35 
55 78 40 62 
56 37 40 77 
57 4 40 93 
58 49 41 39 
59 72 41 82 
60 2 42 52 
61 10 42 82 
62 33 43 32 
63 90 44 44 
64 29 44 67 
65 80 44 79 
66 55 45 21 
67 47 45 49 
68 12 45 55 
69 38 45 67 
70 78 47 62 
71 75 48 55 
72 11 48 98 
73 5 49 47 
74 50 49 81 
75 69 49 87 
76 20 49 99 
77 35 50 49 
78 5 50 59 
79 99 50 82 
80 43 52 82 
81 65 52 91 
82 90 52 96 
83 53 53 47 
84 72 53 74 
85 4 54 26 
86 20 54 58 
87 45 54 78 
88 72 54 92 
89 60 54 93 
90 28 55 98 
91 16 56 29 
92 68 56 59 
93 56 56 66 
94 27 56 76 
95 26 56 89 
96 83 57 42 
97 90 57 51 
98 58 57 64 
99 39 57 76 
100 70 57 79 
101 50 57 92 
102 5 58 48 
103 15 59 98 
104 20 60 48 
105 39 61 32 
106 96 61 45 
107 43 61 80 
108 3 62 36 
109 46 62 70 
110 58 63 29 
111 92 63 45 
112 33 63 71 
113 90 64 89 
114 45 65 30 
115 86 65 56 
116 42 66 20 
117 77 66 66 
118 64 67 21 
119 4 67 94 
120 98 68 31 
121 65 68 81 
122 89 69 70 
123 74 69 84 
124 68 73 36 
125 29 73 45 
126 70 73 46 
127 96 73 67 
128 85 74 26 
129 12 74 48 
130 73 74 86 
131 77 75 63 
132 32 76 59 
133 59 76 92 
134 41 77 34 
135 51 77 53 
136 33 77 55 
137 100 77 64 
138 9 77 66 
139 87 78 37 
140 63 78 67 
141 43 78 69 
142 82 79 30 
143 69 79 72 
144 62 80 48 
145 64 80 97 
146 27 81 26 
147 95 81 47 
148 88 81 55 
149 98 82 46 
150 56 82 55 
151 87 82 58 
152 5 83 88 
153 46 84 44 
154 66 84 45 
155 94 84 72 
156 18 85 30 
157 47 85 42 
158 74 85 55 
159 70 85 86 
160 7 86 72 
161 97 86 75 
162 35 87 78 
163 17 87 94 
164 83 88 24 
165 16 89 65 
166 11 89 80 
167 64 89 86 
168 29 89 91 
169 82 90 31 
170 60 90 51 
171 47 90 69 
172 89 90 94 
173 66 91 30 
174 48 91 34 
175 12 91 74 
176 60 92 59 
177 44 93 39 
178 8 93 63 
179 75 93 86 
180 11 93 100 
181 24 94 37 
182 22 94 86 
183 16 95 41 
184 5 95 53 
185 77 95 56 
186 43 95 69 
187 16 95 77 
188 76 96 32 
189 26 96 43 
190 40 96 73 
191 69 97 60 
192 72 97 69 
193 28 98 26 
194 27 99 42 
195 16 99 44 
196 54 99 48 
197 16 99 68 
