150 150 
0 30 79 30 
1 72 43 32 
2 4 53 74 
3 88 45 67 
4 54 65 30 
5 64 23 87 
6 90 97 69 
7 26 91 74 
8 94 77 66 
9 28 73 36 
10 72 42 82 
11 49 56 89 
12 54 53 47 
13 19 77 55 
14 28 40 77 
15 61 38 24 
16 84 38 73 
17 23 28 29 
18 67 28 44 
19 53 82 55 
20 54 21 27 
21 16 23 30 
22 9 52 82 
23 54 99 68 
24 77 22 60 
25 80 26 74 
26 68 21 75 
27 39 26 54 
28 25 85 30 
29 74 28 46 
30 14 35 94 
31 53 68 31 
32 35 40 62 
33 100 48 98 
34 39 57 76 
35 82 57 42 
36 62 66 66 
37 80 49 87 
38 94 78 67 
39 4 89 80 
40 100 47 62 
41 93 23 57 
42 95 36 58 
43 8 49 81 
44 7 54 92 
45 90 68 81 
46 84 56 66 
47 10 89 91 
48 13 24 68 
49 63 67 94 
50 3 48 55 
51 86 66 20 
52 96 83 88 
53 74 93 63 
54 50 32 97 
55 78 24 46 
56 37 62 36 
57 4 82 58 
58 49 50 49 
59 72 36 54 
60 2 57 64 
61 10 80 97 
62 33 94 37 
63 90 37 35 
64 29 35 29 
65 80 77 64 
66 55 22 50 
67 47 74 86 
68 12 65 56 
69 38 91 30 
70 78 38 28 
71 75 57 92 
72 11 85 55 
73 5 87 94 
74 50 54 93 
75 69 84 44 
76 20 61 45 
77 35 56 59 
78 5 87 78 
79 99 39 40 
80 43 62 70 
81 65 95 77 
82 90 22 81 
83 53 73 45 
84 72 28 41 
85 4 89 86 
86 20 89 65 
87 45 45 49 
88 72 81 55 
89 60 29 49 
90 28 67 21 
91 16 78 69 
92 68 54 78 
93 56 93 39 
94 27 80 48 
95 26 84 72 
96 83 45 21 
97 90 86 72 
98 58 38 31 
99 39 81 47 
