1000 1000 
0 30 145 414 
1 72 671 319 
2 4 592 563 
3 88 132 36 
4 54 843 959 
5 64 618 889 
6 90 676 715 
7 26 575 658 
8 94 202 275 
9 28 780 453 
10 72 864 416 
11 49 344 718 
12 54 442 250 
13 19 712 232 
14 28 45 221 
15 61 661 105 
16 84 118 106 
17 23 304 780 
18 67 440 18 
19 53 83 39 
20 54 121 399 
21 16 776 988 
22 9 605 30 
23 54 496 76 
24 77 671 19 
25 80 686 79 
26 68 430 811 
27 39 125 107 
28 25 326 186 
29 74 922 605 
30 14 137 253 
31 53 524 352 
32 35 972 457 
33 100 706 457 
34 39 280 576 
35 82 582 367 
36 62 834 720 
37 80 594 858 
38 94 749 336 
39 4 521 42 
40 100 467 199 
41 93 474 363 
42 95 766 422 
43 8 898 598 
44 7 758 448 
45 90 569 859 
46 84 887 56 
47 10 600 591 
48 13 931 356 
49 63 435 571 
