1000 1000 
0 30 72 112 
1 72 151 98 
2 4 139 134 
3 88 70 55 
4 54 176 194 
5 64 143 183 
6 90 151 157 
7 26 136 149 
8 94 80 91 
9 28 167 118 
10 72 180 112 
11 49 102 158 
12 54 116 87 
13 19 157 85 
14 28 57 83 
15 61 149 66 
16 84 68 66 
17 23 95 167 
18 67 116 53 
19 53 62 56 
20 54 68 110 
21 16 166 198 
22 9 141 54 
23 54 124 61 
24 77 151 53 
25 80 153 62 
26 68 114 172 
27 39 69 66 
28 25 99 78 
29 74 188 141 
30 14 70 88 
31 53 128 103 
32 35 196 118 
33 100 156 119 
34 39 92 136 
35 82 137 105 
36 62 175 158 
37 80 139 179 
38 94 162 100 
39 4 128 56 
40 100 120 80 
41 93 121 104 
42 95 165 113 
43 8 185 140 
44 7 164 117 
45 90 135 179 
46 84 183 58 
47 10 140 139 
48 13 190 103 
49 63 115 136 
