1000 1000 
0 30 641 275 
1 72 376 287 
2 4 448 602 
3 88 391 555 
4 54 537 279 
5 64 221 706 
6 90 775 571 
7 26 733 606 
8 94 629 545 
9 28 595 321 
10 72 365 668 
11 49 472 718 
12 54 449 406 
13 19 631 465 
14 28 349 627 
15 61 339 226 
16 84 332 597 
17 23 262 271 
18 67 263 382 
19 53 668 464 
20 54 210 249 
21 16 223 272 
22 9 439 666 
23 54 793 563 
24 77 217 497 
25 80 245 603 
26 68 211 612 
27 39 247 458 
28 25 686 275 
29 74 264 395 
30 14 311 753 
31 53 563 282 
32 35 351 514 
33 100 411 783 
34 39 474 623 
35 82 474 367 
36 62 545 549 
37 80 420 700 
38 94 632 556 
39 4 715 649 
40 100 401 512 
41 93 225 480 
42 95 319 484 
43 8 417 659 
44 7 453 738 
45 90 559 655 
46 84 468 541 
47 10 715 732 
48 13 233 560 
49 63 555 758 
50 3 413 461 
51 86 543 200 
52 96 676 710 
53 74 746 524 
54 50 287 776 
55 78 232 397 
56 37 514 323 
57 4 667 486 
58 49 423 419 
59 72 317 457 
60 2 481 531 
61 10 649 776 
62 33 755 325 
63 90 330 312 
64 29 310 268 
65 80 627 529 
66 55 215 427 
67 47 606 695 
68 12 535 468 
69 38 734 277 
70 78 338 257 
71 75 478 741 
72 11 689 463 
73 5 704 754 
74 50 456 750 
75 69 678 383 
76 20 505 386 
77 35 469 494 
78 5 703 638 
79 99 341 353 
80 43 516 572 
81 65 762 628 
82 90 212 655 
83 53 599 386 
84 72 257 354 
85 4 718 692 
86 20 717 535 
87 45 386 414 
88 72 660 464 
89 60 270 418 
90 28 551 209 
91 16 636 571 
92 68 458 637 
93 56 750 340 
94 27 647 413 
95 26 681 591 
96 83 385 205 
97 90 693 590 
98 58 338 279 
99 39 654 405 
100 70 774 502 
101 50 631 303 
102 5 359 341 
103 15 290 749 
104 20 359 661 
105 39 698 611 
106 96 441 731 
107 43 722 755 
108 3 473 616 
109 46 628 448 
110 58 520 584 
111 92 282 357 
112 33 249 500 
113 90 352 747 
114 45 727 432 
115 86 505 287 
116 42 220 646 
117 77 606 242 
118 64 796 409 
119 4 723 280 
120 98 521 388 
121 65 522 266 
122 89 661 248 
123 74 470 268 
124 68 283 458 
125 29 634 552 
126 70 455 483 
127 96 680 385 
128 85 642 591 
129 12 474 434 
130 73 511 647 
131 77 684 364 
132 32 529 719 
133 59 377 644 
134 41 762 473 
135 51 618 739 
136 33 278 376 
137 100 275 317 
138 9 743 495 
139 87 214 443 
140 63 423 495 
141 43 302 585 
142 82 785 245 
143 69 606 409 
144 62 497 410 
145 64 791 382 
146 27 223 658 
147 95 726 571 
148 88 233 254 
149 98 476 641 
150 56 391 466 
151 87 309 461 
152 5 764 360 
153 46 690 696 
154 66 420 403 
155 94 487 414 
156 18 425 661 
157 47 566 680 
158 74 245 202 
159 70 794 362 
160 7 747 692 
161 97 638 326 
162 35 599 397 
163 17 363 439 
164 83 465 785 
165 16 438 767 
166 11 615 521 
167 64 328 378 
168 29 312 273 
169 82 301 338 
170 60 226 307 
171 47 222 713 
172 89 622 490 
173 66 759 571 
174 48 766 288 
175 12 378 377 
176 60 727 569 
177 44 746 799 
178 8 769 599 
179 75 730 303 
180 11 760 444 
181 24 595 556 
182 22 767 371 
183 16 210 424 
184 5 456 248 
185 77 240 775 
186 43 294 740 
187 16 353 275 
188 76 348 314 
189 26 414 790 
190 40 284 637 
191 69 491 787 
192 72 568 575 
193 28 250 734 
194 27 669 396 
195 16 758 696 
196 54 251 566 
197 16 281 340 
198 21 382 551 
199 51 287 733 
