1000 1000 
0 30 294 145 
1 72 414 671 
2 4 319 592 
3 88 563 132 
4 54 36 843 
5 64 959 618 
6 90 889 676 
7 26 715 575 
8 94 658 202 
9 28 275 780 
10 72 453 864 
11 49 416 344 
12 54 718 442 
13 19 250 712 
14 28 232 45 
15 61 221 661 
16 84 105 118 
17 23 106 304 
18 67 780 440 
19 53 18 83 
20 54 39 121 
21 16 399 776 
22 9 988 605 
23 54 30 496 
24 77 76 671 
25 80 19 686 
26 68 79 430 
27 39 811 125 
28 25 107 326 
29 74 186 922 
30 14 605 137 
31 53 253 524 
32 35 352 972 
33 100 457 706 
34 39 457 280 
35 82 576 582 
36 62 367 834 
37 80 720 594 
38 94 858 749 
39 4 336 521 
40 100 42 467 
41 93 199 474 
42 95 363 766 
43 8 422 898 
44 7 598 758 
45 90 448 569 
46 84 859 887 
47 10 56 600 
48 13 591 931 
49 63 356 435 
