150 150 
0 30 30 26 
1 72 32 30 
2 4 74 70 
3 88 67 68 
4 54 30 21 
5 64 87 96 
6 90 69 77 
7 26 74 78 
8 94 66 69 
9 28 36 31 
10 72 82 81 
11 49 89 87 
12 54 47 51 
13 19 55 50 
14 28 77 72 
15 61 24 18 
16 84 73 65 
17 23 29 21 
18 67 44 50 
19 53 55 45 
20 54 27 18 
21 16 30 28 
22 9 82 92 
23 54 68 59 
24 77 60 52 
25 80 74 64 
26 68 75 67 
27 39 54 60 
28 25 30 22 
29 74 46 40 
30 14 94 96 
31 53 31 26 
32 35 62 59 
33 100 98 97 
34 39 76 75 
35 82 42 44 
36 62 66 63 
37 80 87 91 
38 94 67 74 
39 4 80 77 
40 100 62 53 
41 93 57 51 
42 95 58 55 
43 8 81 79 
44 7 92 94 
45 90 81 80 
46 84 66 73 
47 10 91 82 
48 13 68 70 
49 63 94 91 
