1000 1000 
0 30 376 287 
1 72 448 602 
2 4 391 555 
3 88 537 279 
4 54 221 706 
5 64 775 571 
6 90 733 606 
7 26 629 545 
8 94 595 321 
9 28 365 668 
10 72 472 718 
11 49 449 406 
12 54 631 465 
13 19 349 627 
14 28 339 226 
15 61 332 597 
16 84 262 271 
17 23 263 382 
18 67 668 464 
19 53 210 249 
20 54 223 272 
21 16 439 666 
22 9 793 563 
23 54 217 497 
24 77 245 603 
25 80 211 612 
26 68 247 458 
27 39 686 275 
28 25 264 395 
29 74 311 753 
30 14 563 282 
31 53 351 514 
32 35 411 783 
33 100 474 623 
34 39 474 367 
35 82 545 549 
36 62 420 700 
37 80 632 556 
38 94 715 649 
39 4 401 512 
40 100 225 480 
41 93 319 484 
42 95 417 659 
43 8 453 738 
44 7 559 655 
45 90 468 541 
46 84 715 732 
47 10 233 560 
48 13 555 758 
49 63 413 461 
