1000 1000 
0 30 234 641 
1 72 275 376 
2 4 287 448 
3 88 602 391 
4 54 555 537 
5 64 279 221 
6 90 706 775 
7 26 571 733 
8 94 606 629 
9 28 545 595 
10 72 321 365 
11 49 668 472 
12 54 718 449 
13 19 406 631 
14 28 465 349 
15 61 627 339 
16 84 226 332 
17 23 597 262 
18 67 271 263 
19 53 382 668 
20 54 464 210 
21 16 249 223 
22 9 272 439 
23 54 666 793 
24 77 563 217 
25 80 497 245 
26 68 603 211 
27 39 612 247 
28 25 458 686 
29 74 275 264 
30 14 395 311 
31 53 753 563 
32 35 282 351 
33 100 514 411 
34 39 783 474 
35 82 623 474 
36 62 367 545 
37 80 549 420 
38 94 700 632 
39 4 556 715 
40 100 649 401 
41 93 512 225 
42 95 480 319 
43 8 484 417 
44 7 659 453 
45 90 738 559 
46 84 655 468 
47 10 541 715 
48 13 732 233 
49 63 560 555 
50 3 758 413 
51 86 461 543 
52 96 200 676 
53 74 710 746 
54 50 524 287 
55 78 776 232 
56 37 397 514 
57 4 323 667 
58 49 486 423 
59 72 419 317 
60 2 457 481 
61 10 531 649 
62 33 776 755 
63 90 325 330 
64 29 312 310 
65 80 268 627 
66 55 529 215 
67 47 427 606 
68 12 695 535 
69 38 468 734 
70 78 277 338 
71 75 257 478 
72 11 741 689 
73 5 463 704 
74 50 754 456 
75 69 750 678 
76 20 383 505 
77 35 386 469 
78 5 494 703 
79 99 638 341 
80 43 353 516 
81 65 572 762 
82 90 628 212 
83 53 655 599 
84 72 386 257 
85 4 354 718 
86 20 692 717 
87 45 535 386 
88 72 414 660 
89 60 464 270 
90 28 418 551 
91 16 209 636 
92 68 571 458 
93 56 637 750 
94 27 340 647 
95 26 413 681 
96 83 591 385 
97 90 205 693 
98 58 590 338 
99 39 279 654 
