1000 1000 
0 30 28 41 
1 72 29 80 
2 4 31 28 
3 88 34 33 
4 54 34 47 
5 64 34 55 
6 90 35 28 
7 26 35 44 
8 94 36 56 
9 28 40 46 
10 72 46 68 
11 49 48 84 
12 54 49 39 
13 19 51 79 
14 28 57 86 
15 61 58 26 
16 84 58 44 
17 23 60 40 
18 67 61 52 
19 53 62 31 
20 54 64 28 
21 16 64 51 
22 9 68 74 
23 54 68 89 
24 77 69 52 
25 80 69 67 
26 68 70 27 
27 39 70 89 
28 25 71 92 
29 74 75 26 
30 14 75 33 
31 53 75 49 
32 35 76 31 
33 100 76 79 
34 39 78 42 
35 82 78 59 
36 62 79 89 
37 80 81 50 
38 94 82 57 
39 4 82 59 
40 100 83 59 
41 93 83 99 
42 95 88 79 
43 8 88 97 
44 7 90 56 
45 90 92 29 
46 84 92 70 
47 10 94 70 
48 13 98 59 
