1000 1000 
0 30 25 84 
1 72 25 99 
2 4 26 79 
3 88 26 87 
4 54 28 41 
5 64 30 100 
6 90 31 28 
7 26 31 30 
8 94 31 59 
9 28 31 76 
10 72 32 60 
11 49 33 35 
12 54 33 83 
13 19 34 33 
14 28 34 38 
15 61 34 43 
16 84 34 55 
17 23 34 78 
18 67 35 28 
19 53 35 42 
20 54 35 44 
21 16 35 65 
22 9 35 82 
23 54 36 28 
24 77 36 47 
25 80 36 56 
26 68 38 28 
27 39 38 45 
28 25 38 95 
29 74 39 39 
30 14 39 52 
31 53 40 46 
32 35 40 83 
33 100 40 93 
34 39 41 41 
35 82 41 75 
36 62 42 28 
37 80 42 48 
38 94 42 81 
39 4 43 36 
40 100 44 65 
41 93 44 90 
42 95 45 31 
43 8 45 86 
44 7 45 93 
45 90 46 26 
46 84 46 66 
47 10 46 68 
48 13 47 34 
49 63 47 39 
50 3 47 91 
51 86 48 28 
52 96 48 32 
53 74 48 59 
54 50 48 63 
55 78 48 65 
56 37 48 80 
57 4 48 84 
58 49 49 39 
59 72 50 45 
60 2 50 61 
61 10 50 64 
62 33 50 95 
63 90 51 62 
64 29 51 79 
65 80 51 90 
66 55 51 97 
67 47 51 99 
68 12 52 40 
69 38 52 53 
70 78 52 69 
71 75 52 82 
72 11 52 85 
73 5 53 57 
74 50 53 76 
75 69 54 63 
76 20 54 64 
77 35 55 53 
78 5 55 58 
79 99 56 65 
80 43 56 74 
81 65 57 60 
82 90 57 79 
83 53 57 86 
84 72 58 26 
85 4 58 34 
86 20 58 39 
87 45 58 44 
88 72 58 68 
89 60 58 88 
90 28 58 92 
91 16 58 96 
92 68 59 77 
93 56 60 40 
94 27 60 85 
95 26 61 52 
96 83 61 53 
97 90 61 95 
98 58 62 27 
99 39 62 31 
100 70 62 38 
101 50 62 88 
102 5 63 44 
103 15 63 79 
104 20 64 28 
105 39 64 51 
106 96 65 41 
107 43 66 27 
108 3 66 36 
109 46 66 81 
110 58 67 48 
111 92 68 74 
112 33 68 89 
113 90 69 36 
114 45 69 52 
115 86 69 57 
116 42 69 67 
117 77 69 96 
118 64 70 27 
119 4 70 69 
120 98 70 89 
121 65 71 29 
122 89 71 35 
123 74 71 57 
124 68 71 92 
125 29 71 93 
126 70 71 96 
127 96 72 31 
128 85 72 95 
129 12 73 35 
130 73 73 98 
131 77 74 42 
132 32 74 48 
133 59 74 59 
134 41 75 26 
135 51 75 33 
136 33 75 49 
137 100 75 91 
138 9 76 31 
139 87 76 55 
140 63 76 79 
141 43 77 78 
142 82 77 80 
143 69 78 42 
144 62 78 59 
145 64 79 27 
146 27 80 43 
147 95 80 49 
148 88 80 61 
149 98 80 94 
150 56 81 50 
151 87 81 76 
152 5 81 86 
153 46 81 95 
154 66 82 57 
155 94 82 59 
156 18 82 75 
157 47 82 91 
158 74 83 59 
159 70 83 71 
160 7 83 87 
161 97 83 99 
162 35 85 31 
163 17 86 80 
164 83 87 31 
165 16 87 52 
166 11 87 67 
167 64 87 90 
168 29 88 79 
169 82 88 97 
170 60 89 78 
171 47 89 93 
172 89 90 47 
173 66 90 56 
174 48 91 90 
175 12 92 29 
176 60 92 35 
177 44 92 44 
178 8 92 66 
179 75 92 70 
180 11 92 84 
181 24 93 86 
182 22 93 91 
183 16 94 45 
184 5 94 57 
185 77 94 59 
186 43 94 70 
187 16 94 85 
188 76 95 52 
189 26 96 77 
190 40 97 29 
191 69 97 37 
192 72 97 94 
193 28 98 55 
194 27 98 59 
195 16 98 71 
196 54 99 35 
197 16 100 96 
