1000 1000 
0 30 47 36 
1 72 56 75 
2 4 49 69 
3 88 67 35 
4 54 28 88 
5 64 97 71 
6 90 92 76 
7 26 79 68 
8 94 74 40 
9 28 46 83 
10 72 59 90 
11 49 56 51 
12 54 79 58 
13 19 44 78 
14 28 42 28 
15 61 41 75 
16 84 33 34 
17 23 33 48 
18 67 84 58 
19 53 26 31 
20 54 28 34 
21 16 55 83 
22 9 99 70 
23 54 27 62 
24 77 31 75 
25 80 26 76 
26 68 31 57 
27 39 86 34 
28 25 33 49 
29 74 39 94 
30 14 70 35 
31 53 44 64 
32 35 51 98 
33 100 59 78 
34 39 59 46 
35 82 68 69 
36 62 52 88 
37 80 79 70 
38 94 89 81 
39 4 50 64 
40 100 28 60 
41 93 40 61 
42 95 52 82 
43 8 57 92 
44 7 70 82 
45 90 59 68 
46 84 89 92 
47 10 29 70 
48 13 69 95 
49 63 52 58 
