1000 1000 
0 30 112 151 
1 72 98 139 
2 4 134 70 
3 88 55 176 
4 54 194 143 
5 64 183 151 
6 90 157 136 
7 26 149 80 
8 94 91 167 
9 28 118 180 
10 72 112 102 
11 49 158 116 
12 54 87 157 
13 19 85 57 
14 28 83 149 
15 61 66 68 
16 84 66 95 
17 23 167 116 
18 67 53 62 
19 53 56 68 
20 54 110 166 
21 16 198 141 
22 9 54 124 
23 54 61 151 
24 77 53 153 
25 80 62 114 
26 68 172 69 
27 39 66 99 
28 25 78 188 
29 74 141 70 
30 14 88 128 
31 53 103 196 
32 35 118 156 
33 100 119 92 
34 39 136 137 
35 82 105 175 
36 62 158 139 
37 80 179 162 
38 94 100 128 
39 4 56 120 
40 100 80 121 
41 93 104 165 
42 95 113 185 
43 8 140 164 
44 7 117 135 
45 90 179 183 
46 84 58 140 
47 10 139 190 
48 13 103 115 
49 63 136 50 
