150 150 
0 30 88 24 
1 72 79 30 
2 4 43 32 
3 88 53 74 
4 54 45 67 
5 64 65 30 
6 90 23 87 
7 26 97 69 
8 94 91 74 
9 28 77 66 
10 72 73 36 
11 49 42 82 
12 54 56 89 
13 19 53 47 
14 28 77 55 
15 61 40 77 
16 84 38 24 
17 23 38 73 
18 67 28 29 
19 53 28 44 
20 54 82 55 
21 16 21 27 
22 9 23 30 
23 54 52 82 
24 77 99 68 
25 80 22 60 
26 68 26 74 
27 39 21 75 
28 25 26 54 
29 74 85 30 
30 14 28 46 
31 53 35 94 
32 35 68 31 
33 100 40 62 
34 39 48 98 
35 82 57 76 
36 62 57 42 
37 80 66 66 
38 94 49 87 
39 4 78 67 
40 100 89 80 
41 93 47 62 
42 95 23 57 
43 8 36 58 
44 7 49 81 
45 90 54 92 
46 84 68 81 
47 10 56 66 
48 13 89 91 
49 63 24 68 
