1000 1000 
0 30 448 602 
1 72 391 555 
2 4 537 279 
3 88 221 706 
4 54 775 571 
5 64 733 606 
6 90 629 545 
7 26 595 321 
8 94 365 668 
9 28 472 718 
10 72 449 406 
11 49 631 465 
12 54 349 627 
13 19 339 226 
14 28 332 597 
15 61 262 271 
16 84 263 382 
17 23 668 464 
18 67 210 249 
19 53 223 272 
20 54 439 666 
21 16 793 563 
22 9 217 497 
23 54 245 603 
24 77 211 612 
25 80 247 458 
26 68 686 275 
27 39 264 395 
28 25 311 753 
29 74 563 282 
30 14 351 514 
31 53 411 783 
32 35 474 623 
33 100 474 367 
34 39 545 549 
35 82 420 700 
36 62 632 556 
37 80 715 649 
38 94 401 512 
39 4 225 480 
40 100 319 484 
41 93 417 659 
42 95 453 738 
43 8 559 655 
44 7 468 541 
45 90 715 732 
46 84 233 560 
47 10 555 758 
48 13 413 461 
49 63 543 200 
50 3 676 710 
51 86 746 524 
52 96 287 776 
53 74 232 397 
54 50 514 323 
55 78 667 486 
56 37 423 419 
57 4 317 457 
58 49 481 531 
59 72 649 776 
60 2 755 325 
61 10 330 312 
62 33 310 268 
63 90 627 529 
64 29 215 427 
65 80 606 695 
66 55 535 468 
67 47 734 277 
68 12 338 257 
69 38 478 741 
70 78 689 463 
71 75 704 754 
72 11 456 750 
73 5 678 383 
74 50 505 386 
75 69 469 494 
76 20 703 638 
77 35 341 353 
78 5 516 572 
79 99 762 628 
80 43 212 655 
81 65 599 386 
82 90 257 354 
83 53 718 692 
84 72 717 535 
85 4 386 414 
86 20 660 464 
87 45 270 418 
88 72 551 209 
89 60 636 571 
90 28 458 637 
91 16 750 340 
92 68 647 413 
93 56 681 591 
94 27 385 205 
95 26 693 590 
96 83 338 279 
97 90 654 405 
98 58 774 502 
99 39 631 303 
