150 150 
0 30 20 97 
1 72 21 96 
2 4 21 97 
3 88 24 88 
4 54 24 93 
5 64 27 83 
6 90 28 86 
7 26 29 82 
8 94 29 88 
9 28 30 80 
10 72 30 81 
11 49 30 82 
12 54 30 83 
13 19 31 81 
14 28 32 82 
15 61 35 76 
16 84 36 76 
17 23 36 81 
18 67 37 75 
19 53 39 78 
20 54 40 75 
21 16 41 77 
22 9 42 73 
23 54 44 71 
24 77 44 73 
25 80 45 65 
26 68 45 69 
27 39 46 65 
28 25 46 69 
29 74 47 70 
30 14 48 70 
31 53 49 62 
32 35 49 66 
33 100 49 68 
34 39 50 66 
35 82 54 60 
36 62 54 64 
37 80 55 55 
38 94 55 56 
39 4 55 57 
40 100 55 60 
41 93 55 63 
42 95 56 62 
43 8 57 54 
44 7 58 55 
45 90 59 59 
46 84 60 50 
47 10 62 48 
48 13 62 51 
49 63 63 48 
50 3 64 46 
51 86 64 53 
52 96 65 48 
53 74 66 47 
54 50 66 50 
55 78 66 52 
56 37 67 48 
57 4 67 51 
58 49 68 42 
59 72 68 47 
60 2 69 45 
61 10 69 49 
62 33 70 49 
63 90 72 40 
64 29 72 41 
65 80 73 38 
66 55 74 36 
67 47 74 39 
68 12 74 43 
69 38 75 35 
70 78 76 38 
71 75 77 33 
72 11 77 35 
73 5 77 41 
74 50 78 34 
75 69 78 41 
76 20 80 33 
77 35 81 33 
78 5 81 35 
79 99 82 32 
80 43 82 37 
81 65 86 29 
82 90 86 32 
83 53 87 30 
84 72 87 32 
85 4 88 31 
86 20 89 25 
87 45 91 19 
88 72 92 23 
89 60 92 26 
90 28 93 24 
91 16 94 19 
92 68 94 20 
93 56 94 22 
94 27 97 13 
95 26 97 22 
96 83 98 16 
