150 150 
0 30 88 24 
1 72 79 30 
2 4 43 32 
3 88 53 74 
4 54 45 67 
5 64 65 30 
6 90 23 87 
7 26 97 69 
8 94 91 74 
9 28 77 66 
10 72 73 36 
11 49 42 82 
12 54 56 89 
13 19 53 47 
14 28 77 55 
15 61 40 77 
16 84 38 24 
17 23 38 73 
18 67 28 29 
19 53 28 44 
20 54 82 55 
21 16 21 27 
22 9 23 30 
23 54 52 82 
24 77 99 68 
25 80 22 60 
26 68 26 74 
27 39 21 75 
28 25 26 54 
29 74 85 30 
30 14 28 46 
31 53 35 94 
32 35 68 31 
33 100 40 62 
34 39 48 98 
35 82 57 76 
36 62 57 42 
37 80 66 66 
38 94 49 87 
39 4 78 67 
40 100 89 80 
41 93 47 62 
42 95 23 57 
43 8 36 58 
44 7 49 81 
45 90 54 92 
46 84 68 81 
47 10 56 66 
48 13 89 91 
49 63 24 68 
50 3 67 94 
51 86 48 55 
52 96 66 20 
53 74 83 88 
54 50 93 63 
55 78 32 97 
56 37 24 46 
57 4 62 36 
58 49 82 58 
59 72 50 49 
60 2 36 54 
61 10 57 64 
62 33 80 97 
63 90 94 37 
64 29 37 35 
65 80 35 29 
66 55 77 64 
67 47 22 50 
68 12 74 86 
69 38 65 56 
70 78 91 30 
71 75 38 28 
72 11 57 92 
73 5 85 55 
74 50 87 94 
75 69 54 93 
76 20 84 44 
77 35 61 45 
78 5 56 59 
79 99 87 78 
80 43 39 40 
81 65 62 70 
82 90 95 77 
83 53 22 81 
84 72 73 45 
85 4 28 41 
86 20 89 86 
87 45 89 65 
88 72 45 49 
89 60 81 55 
90 28 29 49 
91 16 67 21 
92 68 78 69 
93 56 54 78 
94 27 93 39 
95 26 80 48 
96 83 84 72 
97 90 45 21 
98 58 86 72 
99 39 38 31 
