1000 1000 
0 30 52 106 
1 72 53 62 
2 4 53 153 
3 88 53 164 
4 54 54 107 
5 64 54 111 
6 90 54 124 
7 26 55 162 
8 94 55 176 
9 28 55 178 
10 72 56 68 
11 49 56 120 
12 54 56 164 
13 19 57 77 
14 28 58 63 
15 61 58 99 
16 84 58 140 
17 23 60 194 
18 67 61 51 
19 53 61 151 
20 54 62 114 
21 16 62 125 
22 9 62 183 
23 54 63 141 
24 77 64 88 
25 80 66 68 
26 68 66 95 
27 39 66 99 
28 25 67 105 
29 74 69 79 
30 14 69 94 
31 53 70 85 
32 35 71 89 
33 100 71 115 
34 39 71 159 
35 82 72 183 
36 62 72 194 
37 80 73 187 
38 94 74 185 
39 4 75 84 
40 100 76 146 
41 93 77 115 
42 95 78 67 
43 8 78 68 
44 7 78 188 
45 90 79 114 
46 84 80 121 
47 10 82 95 
48 13 83 78 
49 63 83 149 
50 3 84 64 
51 86 85 57 
52 96 85 70 
53 74 85 88 
54 50 87 78 
55 78 87 157 
56 37 88 69 
57 4 88 128 
58 49 88 187 
59 72 90 85 
60 2 90 165 
61 10 91 110 
62 33 91 167 
63 90 94 94 
64 29 94 161 
65 80 96 51 
66 55 96 138 
67 47 97 104 
68 12 98 116 
69 38 98 139 
70 78 100 128 
71 75 103 115 
72 11 103 196 
73 5 103 197 
74 50 104 165 
75 69 105 101 
76 20 105 175 
77 35 106 105 
78 5 106 124 
79 99 106 165 
80 43 110 166 
81 65 110 183 
82 90 110 192 
83 53 112 102 
84 72 112 151 
85 4 113 185 
86 20 114 62 
87 45 114 121 
88 72 114 159 
89 60 114 187 
90 28 116 196 
91 16 117 123 
92 68 117 135 
93 56 118 67 
94 27 118 154 
95 26 118 156 
96 83 118 180 
97 90 119 92 
98 58 119 108 
99 39 119 160 
100 70 120 133 
101 50 120 185 
102 5 122 103 
103 15 123 197 
104 20 124 103 
105 39 126 72 
106 96 126 97 
107 43 128 81 
108 3 128 162 
109 46 129 143 
110 58 130 97 
111 92 130 146 
112 33 131 67 
113 90 132 155 
114 45 132 180 
115 86 134 70 
116 42 134 117 
117 77 136 50 
118 64 136 137 
119 4 138 52 
120 98 139 190 
121 65 140 164 
122 89 141 70 
123 74 142 144 
124 68 142 170 
125 29 149 80 
126 70 149 139 
127 96 150 96 
128 85 150 99 
129 12 151 102 
130 73 152 61 
131 77 152 174 
132 32 154 130 
133 59 155 122 
134 41 155 185 
135 51 157 112 
136 33 157 132 
137 100 157 136 
138 9 158 76 
139 87 158 116 
140 63 158 138 
141 43 158 139 
142 82 159 81 
143 69 159 143 
144 62 160 148 
145 64 160 185 
146 27 162 103 
147 95 162 194 
148 88 164 101 
149 98 165 62 
150 56 165 116 
151 87 167 99 
152 5 167 116 
153 46 167 121 
154 66 169 178 
155 94 170 96 
156 18 170 148 
157 47 171 91 
158 74 172 69 
159 70 172 116 
160 7 173 148 
161 97 173 174 
162 35 175 153 
163 17 176 160 
164 83 176 189 
165 16 179 134 
166 11 179 162 
167 64 179 183 
168 29 180 173 
169 82 180 189 
170 60 181 70 
171 47 182 76 
172 89 182 108 
173 66 182 142 
174 48 182 143 
175 12 183 151 
176 60 184 69 
177 44 186 124 
178 8 186 200 
179 75 187 131 
180 11 187 173 
181 24 188 85 
182 22 189 81 
183 16 189 174 
184 5 190 111 
185 77 190 143 
186 43 191 90 
187 16 191 118 
188 76 191 157 
189 26 192 72 
190 40 192 93 
191 69 192 150 
192 72 194 126 
193 28 194 143 
194 27 196 61 
195 16 198 95 
196 54 198 141 
197 16 199 90 
198 21 199 102 
