985 862 
0 30 315 355 
1 72 117 321 
2 4 137 188 
3 88 143 224 
4 54 301 195 
5 64 278 269 
6 90 139 110 
7 26 353 388 
8 94 285 367 
9 28 303 314 
10 72 272 297 
11 49 160 182 
12 54 334 236 
13 19 359 225 
14 28 203 315 
15 61 232 175 
16 84 313 169 
17 23 113 166 
18 67 298 131 
19 53 135 132 
20 54 191 334 
21 16 232 105 
22 9 125 111 
23 54 136 220 
24 77 333 396 
25 80 281 109 
26 68 249 123 
27 39 301 105 
28 25 306 123 
29 74 229 343 
30 14 137 132 
31 53 198 156 
32 35 377 281 
33 100 141 176 
34 39 257 205 
35 82 392 237 
36 62 312 237 
37 80 184 273 
38 94 274 210 
39 4 350 316 
40 100 278 357 
41 93 325 201 
42 95 256 112 
43 8 240 160 
44 7 242 209 
45 90 330 226 
46 84 369 279 
47 10 327 234 
48 13 271 358 
49 63 366 117 
