1000 1000 
0 30 330 250 
1 72 630 710 
2 4 234 641 
3 88 275 376 
4 54 287 448 
5 64 602 391 
6 90 555 537 
7 26 279 221 
8 94 706 775 
9 28 571 733 
10 72 606 629 
11 49 545 595 
12 54 321 365 
13 19 668 472 
14 28 718 449 
15 61 406 631 
16 84 465 349 
17 23 627 339 
18 67 226 332 
19 53 597 262 
20 54 271 263 
21 16 382 668 
22 9 464 210 
23 54 249 223 
24 77 272 439 
25 80 666 793 
26 68 563 217 
27 39 497 245 
28 25 603 211 
29 74 612 247 
30 14 458 686 
31 53 275 264 
32 35 395 311 
33 100 753 563 
34 39 282 351 
35 82 514 411 
36 62 783 474 
37 80 623 474 
38 94 367 545 
39 4 549 420 
40 100 700 632 
41 93 556 715 
42 95 649 401 
43 8 512 225 
44 7 480 319 
45 90 484 417 
46 84 659 453 
47 10 738 559 
48 13 655 468 
49 63 541 715 
