1000 1000 
0 30 275 376 
1 72 287 448 
2 4 602 391 
3 88 555 537 
4 54 279 221 
5 64 706 775 
6 90 571 733 
7 26 606 629 
8 94 545 595 
9 28 321 365 
10 72 668 472 
11 49 718 449 
12 54 406 631 
13 19 465 349 
14 28 627 339 
15 61 226 332 
16 84 597 262 
17 23 271 263 
18 67 382 668 
19 53 464 210 
20 54 249 223 
21 16 272 439 
22 9 666 793 
23 54 563 217 
24 77 497 245 
25 80 603 211 
26 68 612 247 
27 39 458 686 
28 25 275 264 
29 74 395 311 
30 14 753 563 
31 53 282 351 
32 35 514 411 
33 100 783 474 
34 39 623 474 
35 82 367 545 
36 62 549 420 
37 80 700 632 
38 94 556 715 
39 4 649 401 
40 100 512 225 
41 93 480 319 
42 95 484 417 
43 8 659 453 
44 7 738 559 
45 90 655 468 
46 84 541 715 
47 10 732 233 
48 13 560 555 
49 63 758 413 
