1000 1000 
0 30 94 72 
1 72 112 151 
2 4 98 139 
3 88 134 70 
4 54 55 176 
5 64 194 143 
6 90 183 151 
7 26 157 136 
8 94 149 80 
9 28 91 167 
10 72 118 180 
11 49 112 102 
12 54 158 116 
13 19 87 157 
14 28 85 57 
15 61 83 149 
16 84 66 68 
17 23 66 95 
18 67 167 116 
19 53 53 62 
20 54 56 68 
21 16 110 166 
22 9 198 141 
23 54 54 124 
24 77 61 151 
25 80 53 153 
26 68 62 114 
27 39 172 69 
28 25 66 99 
29 74 78 188 
30 14 141 70 
31 53 88 128 
32 35 103 196 
33 100 118 156 
34 39 119 92 
35 82 136 137 
36 62 105 175 
37 80 158 139 
38 94 179 162 
39 4 100 128 
40 100 56 120 
41 93 80 121 
42 95 104 165 
43 8 113 185 
44 7 140 164 
45 90 117 135 
46 84 179 183 
47 10 58 140 
48 13 139 190 
49 63 103 115 
