150 150 
0 30 32 53 
1 72 74 45 
2 4 67 65 
3 88 30 23 
4 54 87 97 
5 64 69 91 
6 90 74 77 
7 26 66 73 
8 94 36 42 
9 28 82 56 
10 72 89 53 
11 49 47 77 
12 54 55 40 
13 19 77 38 
14 28 24 38 
15 61 73 28 
16 84 29 28 
17 23 44 82 
18 67 55 21 
19 53 27 23 
20 54 30 52 
21 16 82 99 
22 9 68 22 
23 54 60 26 
24 77 74 21 
25 80 75 26 
26 68 54 85 
27 39 30 28 
28 25 46 35 
29 74 94 68 
30 14 31 40 
31 53 62 48 
32 35 98 57 
33 100 76 57 
34 39 42 66 
35 82 66 49 
36 62 87 78 
37 80 67 89 
38 94 80 47 
39 4 62 23 
40 100 57 36 
41 93 58 49 
42 95 81 54 
43 8 92 68 
44 7 81 56 
45 90 66 89 
46 84 91 24 
47 10 68 67 
48 13 94 48 
49 63 55 66 
