1000 1000 
0 30 145 414 
1 72 671 319 
2 4 592 563 
3 88 132 36 
4 54 843 959 
5 64 618 889 
6 90 676 715 
7 26 575 658 
8 94 202 275 
9 28 780 453 
10 72 864 416 
11 49 344 718 
12 54 442 250 
13 19 712 232 
14 28 45 221 
15 61 661 105 
16 84 118 106 
17 23 304 780 
18 67 440 18 
19 53 83 39 
20 54 121 399 
21 16 776 988 
22 9 605 30 
23 54 496 76 
24 77 671 19 
25 80 686 79 
26 68 430 811 
27 39 125 107 
28 25 326 186 
29 74 922 605 
30 14 137 253 
31 53 524 352 
32 35 972 457 
33 100 706 457 
34 39 280 576 
35 82 582 367 
36 62 834 720 
37 80 594 858 
38 94 749 336 
39 4 521 42 
40 100 467 199 
41 93 474 363 
42 95 766 422 
43 8 898 598 
44 7 758 448 
45 90 569 859 
46 84 887 56 
47 10 600 591 
48 13 931 356 
49 63 435 571 
50 3 2 793 
51 86 851 910 
52 96 541 146 
53 74 959 54 
54 50 330 524 
55 78 206 778 
56 37 477 372 
57 4 366 195 
58 49 428 469 
59 72 553 749 
60 2 961 924 
61 10 210 218 
62 33 187 185 
63 90 115 713 
64 29 549 26 
65 80 379 678 
66 55 826 559 
67 47 447 891 
68 12 130 230 
69 38 96 464 
70 78 902 815 
71 75 438 840 
72 11 924 427 
73 5 917 798 
74 50 305 509 
75 69 311 448 
76 20 490 838 
77 35 731 236 
78 5 256 528 
79 99 621 937 
80 43 714 21 
81 65 759 666 
82 90 311 96 
83 53 257 864 
84 72 821 862 
85 4 558 311 
86 20 358 766 
87 45 441 117 
88 72 364 585 
89 60 17 726 
90 28 619 430 
91 16 728 917 
92 68 234 745 
93 56 356 801 
94 27 651 309 
95 26 9 822 
96 83 651 231 
97 90 133 757 
98 58 343 957 
99 39 504 719 
100 70 172 265 
101 50 235 151 
102 5 915 266 
103 15 769 831 
104 20 685 403 
105 39 885 870 
106 96 925 455 
107 43 694 713 
108 3 414 533 
109 46 640 138 
110 58 262 82 
111 92 501 255 
112 33 913 878 
113 90 387 509 
114 45 146 35 
115 86 744 677 
116 42 71 993 
117 77 349 872 
118 64 134 535 
119 4 313 537 
120 98 111 768 
121 65 82 451 
122 89 114 140 
123 74 431 723 
124 68 587 425 
125 29 473 799 
126 70 309 736 
127 96 652 458 
128 85 390 518 
129 12 745 808 
130 73 275 548 
131 77 865 295 
132 32 740 937 
133 59 456 697 
134 41 899 131 
135 51 294 126 
136 33 195 904 
137 100 491 25 
138 9 406 372 
139 87 493 171 
140 63 642 975 
141 43 76 676 
142 82 349 495 
143 69 351 986 
144 62 304 40 
145 64 763 877 
146 27 618 55 
147 95 91 461 
148 88 736 318 
149 98 444 182 
150 56 435 940 
151 87 267 817 
152 5 827 367 
153 46 339 479 
154 66 357 375 
155 94 769 610 
156 18 800 76 
157 47 5 990 
158 74 270 912 
159 70 820 730 
160 7 211 665 
161 97 329 273 
162 35 399 443 
163 17 974 397 
164 83 946 691 
165 16 535 214 
166 11 298 188 
167 64 122 169 
168 29 231 44 
169 82 179 38 
170 60 855 703 
171 47 484 932 
172 89 618 944 
173 66 148 297 
174 48 295 878 
175 12 616 910 
176 60 998 949 
177 44 665 883 
178 8 172 934 
179 75 407 659 
180 11 593 946 
181 24 287 18 
182 22 375 428 
183 16 81 68 
184 5 959 158 
185 77 900 255 
186 43 126 247 
187 16 190 357 
188 76 983 140 
189 26 728 485 
190 40 979 614 
191 69 626 84 
192 72 890 781 
193 28 327 930 
194 27 826 86 
195 16 610 137 
196 54 234 305 
197 16 585 146 
198 21 888 549 
199 51 698 737 
