962 937 
0 30 137 188 
1 72 143 224 
2 4 301 195 
3 88 278 269 
4 54 139 110 
5 64 353 388 
6 90 285 367 
7 26 303 314 
8 94 272 297 
9 28 160 182 
10 72 334 236 
11 49 359 225 
12 54 203 315 
13 19 232 175 
14 28 313 169 
15 61 113 166 
16 84 298 131 
17 23 135 132 
18 67 191 334 
19 53 232 105 
20 54 125 111 
21 16 136 220 
22 9 333 396 
23 54 281 109 
24 77 249 123 
25 80 301 105 
26 68 306 123 
27 39 229 343 
28 25 137 132 
29 74 198 156 
30 14 377 281 
31 53 141 176 
32 35 257 205 
33 100 392 237 
34 39 312 237 
35 82 184 273 
36 62 274 210 
37 80 350 316 
38 94 278 357 
39 4 325 201 
40 100 256 112 
41 93 240 160 
42 95 242 209 
43 8 330 226 
44 7 369 279 
45 90 327 234 
46 84 271 358 
47 10 366 117 
48 13 280 277 
49 63 379 207 
50 3 230 271 
51 86 100 338 
52 96 355 373 
53 74 262 144 
54 50 388 116 
55 78 199 257 
56 37 162 333 
57 4 243 212 
58 49 210 158 
59 72 228 240 
60 2 266 325 
61 10 388 377 
62 33 163 165 
63 90 156 155 
64 29 134 314 
65 80 265 107 
66 55 213 303 
67 47 348 268 
68 12 234 367 
69 38 139 169 
70 78 129 239 
71 75 371 344 
72 11 231 352 
73 5 377 228 
74 50 375 339 
75 69 191 252 
76 20 193 234 
77 35 247 351 
78 5 319 171 
79 99 177 258 
80 43 286 381 
81 65 314 106 
82 90 328 300 
83 53 193 128 
84 72 177 359 
85 4 346 359 
86 20 267 193 
87 45 207 330 
88 72 232 135 
89 60 209 275 
90 28 105 318 
91 16 286 229 
92 68 318 375 
93 56 170 323 
94 27 207 340 
95 26 295 192 
96 83 103 346 
97 90 295 169 
98 58 140 327 
99 39 203 387 
