1000 1000 
0 30 58 160 
1 72 69 94 
2 4 72 112 
3 88 151 98 
4 54 139 134 
5 64 70 55 
6 90 176 194 
7 26 143 183 
8 94 151 157 
9 28 136 149 
10 72 80 91 
11 49 167 118 
12 54 180 112 
13 19 102 158 
14 28 116 87 
15 61 157 85 
16 84 57 83 
17 23 149 66 
18 67 68 66 
19 53 95 167 
20 54 116 53 
21 16 62 56 
22 9 68 110 
23 54 166 198 
24 77 141 54 
25 80 124 61 
26 68 151 53 
27 39 153 62 
28 25 114 172 
29 74 69 66 
30 14 99 78 
31 53 188 141 
32 35 70 88 
33 100 128 103 
34 39 196 118 
35 82 156 119 
36 62 92 136 
37 80 137 105 
38 94 175 158 
39 4 139 179 
40 100 162 100 
41 93 128 56 
42 95 120 80 
43 8 121 104 
44 7 165 113 
45 90 185 140 
46 84 164 117 
47 10 135 179 
48 13 183 58 
49 63 140 139 
