942 967 
0 30 224 301 
1 72 195 278 
2 4 269 139 
3 88 110 353 
4 54 388 285 
5 64 367 303 
6 90 314 272 
7 26 297 160 
8 94 182 334 
9 28 236 359 
10 72 225 203 
11 49 315 232 
12 54 175 313 
13 19 169 113 
14 28 166 298 
15 61 131 135 
16 84 132 191 
17 23 334 232 
18 67 105 125 
19 53 111 136 
20 54 220 333 
21 16 396 281 
22 9 109 249 
23 54 123 301 
24 77 105 306 
25 80 123 229 
26 68 343 137 
27 39 132 198 
28 25 156 377 
29 74 281 141 
30 14 176 257 
31 53 205 392 
32 35 237 312 
33 100 237 184 
34 39 273 274 
35 82 210 350 
36 62 316 278 
37 80 357 325 
38 94 201 256 
39 4 112 240 
40 100 160 242 
41 93 209 330 
42 95 226 369 
43 8 279 327 
44 7 234 271 
45 90 358 366 
46 84 117 280 
47 10 277 379 
48 13 207 230 
49 63 271 100 
50 3 338 355 
51 86 373 262 
52 96 144 388 
53 74 116 199 
54 50 257 162 
55 78 333 243 
56 37 212 210 
57 4 158 228 
58 49 240 266 
59 72 325 388 
60 2 377 163 
61 10 165 156 
62 33 155 134 
63 90 314 265 
64 29 107 213 
65 80 303 348 
66 55 268 234 
67 47 367 139 
68 12 169 129 
69 38 239 371 
70 78 344 231 
71 75 352 377 
72 11 228 375 
73 5 339 191 
74 50 252 193 
75 69 234 247 
76 20 351 319 
77 35 171 177 
78 5 258 286 
79 99 381 314 
80 43 106 328 
81 65 300 193 
82 90 128 177 
83 53 359 346 
84 72 359 267 
85 4 193 207 
86 20 330 232 
87 45 135 209 
88 72 275 105 
89 60 318 286 
90 28 229 318 
91 16 375 170 
92 68 323 207 
93 56 340 295 
94 27 192 103 
95 26 346 295 
96 83 169 140 
97 90 327 203 
98 58 387 251 
99 39 316 151 
