1000 1000 
0 30 89 29 
1 72 80 34 
2 4 47 36 
3 88 56 75 
4 54 49 69 
5 64 67 35 
6 90 28 88 
7 26 97 71 
8 94 92 76 
9 28 79 68 
10 72 74 40 
11 49 46 83 
12 54 59 90 
13 19 56 51 
14 28 79 58 
15 61 44 78 
16 84 42 28 
17 23 41 75 
18 67 33 34 
19 53 33 48 
20 54 84 58 
21 16 26 31 
22 9 28 34 
23 54 55 83 
24 77 99 70 
25 80 27 62 
26 68 31 75 
27 39 26 76 
28 25 31 57 
29 74 86 34 
30 14 33 49 
31 53 39 94 
32 35 70 35 
33 100 44 64 
34 39 51 98 
35 82 59 78 
36 62 59 46 
37 80 68 69 
38 94 52 88 
39 4 79 70 
40 100 89 81 
41 93 50 64 
42 95 28 60 
43 8 40 61 
44 7 52 82 
45 90 57 92 
46 84 70 82 
47 10 59 68 
48 13 89 92 
49 63 29 70 
50 3 69 95 
51 86 52 58 
52 96 68 25 
53 74 84 89 
54 50 93 66 
55 78 36 97 
56 37 29 50 
57 4 64 40 
58 49 83 61 
59 72 53 52 
60 2 40 57 
61 10 60 66 
62 33 81 97 
63 90 94 41 
64 29 41 39 
65 80 39 34 
66 55 78 66 
67 47 27 53 
68 12 76 87 
69 38 67 58 
70 78 92 35 
71 75 42 32 
72 11 60 93 
73 5 86 58 
74 50 88 94 
75 69 57 94 
76 20 85 48 
77 35 63 48 
78 5 59 62 
79 99 88 80 
80 43 43 44 
81 65 65 72 
82 90 95 79 
83 53 27 82 
84 72 75 48 
85 4 32 44 
86 20 90 87 
87 45 90 67 
88 72 48 52 
89 60 82 58 
90 28 34 52 
91 16 69 26 
92 68 79 71 
93 56 57 80 
94 27 94 42 
95 26 81 52 
96 83 85 74 
97 90 48 26 
98 58 87 74 
99 39 42 35 
