1000 1000 
0 30 25 84 
1 72 26 79 
2 4 26 87 
3 88 28 41 
4 54 29 80 
5 64 31 28 
6 90 32 60 
7 26 34 33 
8 94 34 47 
9 28 34 55 
10 72 34 78 
11 49 35 28 
12 54 35 42 
13 19 35 44 
14 28 36 56 
15 61 39 39 
16 84 40 46 
17 23 40 83 
18 67 41 41 
19 53 42 81 
20 54 44 65 
21 16 44 90 
22 9 46 68 
23 54 48 32 
24 77 48 59 
25 80 48 63 
26 68 48 84 
27 39 49 39 
28 25 50 64 
29 74 51 79 
30 14 52 40 
31 53 52 69 
32 35 52 82 
33 100 52 85 
34 39 53 76 
35 82 57 60 
36 62 57 86 
37 80 58 26 
38 94 58 34 
39 4 58 44 
40 100 58 68 
41 93 58 88 
42 95 58 92 
43 8 60 40 
44 7 61 52 
45 90 61 53 
46 84 62 31 
47 10 62 88 
48 13 64 28 
49 63 64 51 
50 3 66 27 
51 86 66 36 
52 96 66 81 
53 74 67 48 
54 50 68 74 
55 78 68 89 
56 37 69 52 
57 4 69 67 
58 49 70 27 
59 72 70 69 
60 2 70 89 
61 10 71 57 
62 33 71 92 
63 90 72 95 
64 29 74 42 
65 80 74 48 
66 55 75 26 
67 47 75 33 
68 12 75 49 
69 38 76 31 
70 78 76 79 
71 75 78 42 
72 11 78 59 
73 5 79 27 
74 50 79 89 
75 69 80 43 
76 20 80 94 
77 35 81 50 
78 5 82 57 
79 99 82 59 
80 43 82 75 
81 65 83 59 
82 90 83 99 
83 53 87 67 
84 72 87 90 
85 4 88 79 
86 20 88 97 
87 45 89 93 
88 72 90 56 
89 60 92 29 
90 28 92 70 
91 16 93 86 
92 68 94 57 
93 56 94 70 
94 27 94 85 
95 26 95 52 
96 83 97 29 
97 90 97 94 
98 58 98 59 
