100 100 
0 30 6 34 
1 72 11 31 
2 4 12 41 
3 88 13 15 
4 54 20 18 
5 64 20 38 
6 90 22 39 
7 26 23 33 
8 94 25 21 
9 28 26 35 
10 72 26 44 
11 49 26 49 
12 54 27 25 
13 19 27 28 
14 28 27 45 
15 61 28 28 
16 84 28 29 
17 23 28 30 
18 67 28 33 
19 53 28 46 
20 54 30 44 
21 16 31 19 
22 9 31 30 
23 54 32 35 
24 77 33 36 
25 80 33 39 
26 68 34 36 
27 39 36 33 
28 25 36 35 
29 74 37 42 
30 14 39 30 
31 53 40 31 
32 35 40 36 
33 100 40 42 
34 39 41 32 
35 82 42 28 
36 62 42 36 
37 80 42 40 
38 94 43 26 
39 4 43 31 
40 100 44 37 
41 93 44 40 
42 95 44 47 
43 8 45 25 
44 7 46 5 
45 90 46 43 
46 84 47 37 
47 10 47 43 
48 13 48 28 
49 63 50 26 
