100 100 
0 30 6 34 
1 72 12 41 
2 4 13 15 
3 88 20 18 
4 54 20 38 
5 64 22 39 
6 90 23 33 
7 26 25 21 
8 94 26 35 
9 28 26 44 
10 72 26 49 
11 49 27 25 
12 54 27 28 
13 19 27 45 
14 28 28 15 
15 61 28 28 
16 84 28 29 
17 23 28 30 
18 67 28 33 
19 53 28 46 
20 54 30 44 
21 16 31 19 
22 9 31 30 
23 54 32 35 
24 77 33 36 
25 80 33 39 
26 68 34 36 
27 39 36 33 
28 25 36 35 
29 74 37 42 
30 14 38 49 
31 53 39 30 
32 35 40 31 
33 100 40 36 
34 39 40 42 
35 82 41 32 
36 62 42 28 
37 80 42 36 
38 94 42 40 
39 4 43 26 
40 100 43 31 
41 93 44 37 
42 95 44 40 
43 8 44 47 
44 7 45 25 
45 90 46 5 
46 84 47 37 
47 10 47 43 
48 13 48 28 
49 63 50 26 
