100 100 
0 30 3 40 
1 72 5 13 
2 4 11 14 
3 88 15 20 
4 54 15 21 
5 64 18 23 
6 90 18 25 
7 26 19 44 
8 94 20 13 
9 28 20 15 
10 72 21 46 
11 49 23 36 
12 54 25 26 
13 19 25 27 
14 28 25 46 
15 61 26 27 
16 84 26 28 
17 23 26 40 
18 67 26 42 
19 53 27 17 
20 54 27 20 
21 16 27 46 
22 9 28 33 
23 54 28 38 
24 77 28 44 
25 80 28 45 
26 68 29 26 
27 39 29 36 
28 25 29 42 
29 74 30 6 
30 14 30 28 
31 53 30 34 
32 35 30 40 
33 100 30 43 
34 39 30 44 
35 82 31 31 
36 62 31 34 
37 80 31 40 
38 94 32 25 
39 4 32 36 
40 100 32 40 
41 93 33 26 
42 95 33 29 
43 8 33 30 
44 7 33 31 
45 90 33 48 
46 84 34 30 
47 10 34 36 
48 13 34 39 
49 63 35 33 
50 3 35 43 
51 86 35 50 
52 96 36 25 
53 74 36 27 
54 50 36 28 
55 78 36 36 
56 37 36 39 
57 4 36 40 
58 49 36 43 
59 72 36 46 
60 2 37 6 
61 10 37 12 
62 33 37 34 
63 90 37 37 
64 29 37 44 
65 80 38 20 
66 55 38 44 
67 47 39 26 
68 12 39 34 
69 38 39 47 
70 78 39 49 
71 75 40 28 
72 11 40 37 
73 5 41 28 
74 50 42 39 
75 69 42 42 
76 20 43 11 
77 35 43 32 
78 5 43 41 
79 99 43 46 
80 43 44 22 
81 65 44 30 
82 90 44 38 
83 53 44 39 
84 72 44 47 
85 4 45 28 
86 20 45 48 
87 45 46 40 
88 72 47 34 
89 60 47 40 
90 28 48 30 
91 16 48 36 
92 68 49 30 
93 56 49 43 
94 27 49 47 
