100 100 
0 30 5 22 
1 72 6 16 
2 4 7 14 
3 88 7 22 
4 54 7 34 
5 64 9 30 
6 90 10 29 
7 26 10 37 
8 94 11 18 
9 28 12 18 
10 72 12 25 
11 49 12 30 
12 54 13 22 
13 19 13 41 
14 28 14 42 
15 61 14 43 
16 84 15 19 
17 23 16 25 
18 67 17 21 
19 53 17 27 
20 54 17 31 
21 16 18 40 
22 9 19 32 
23 54 19 48 
24 77 20 17 
25 80 21 18 
26 68 21 22 
27 39 21 26 
28 25 22 13 
29 74 22 16 
30 14 22 17 
31 53 22 21 
32 35 22 29 
33 100 23 14 
34 39 23 24 
35 82 25 29 
36 62 25 42 
37 80 25 46 
38 94 26 28 
39 4 26 30 
40 100 26 35 
41 93 26 38 
42 95 26 42 
43 8 26 49 
44 7 27 11 
45 90 27 25 
46 84 27 33 
47 10 27 34 
48 13 27 45 
49 63 28 11 
50 3 28 27 
51 86 28 28 
52 96 28 29 
53 74 28 30 
54 50 28 33 
55 78 28 36 
56 37 28 37 
57 4 28 38 
58 49 28 40 
59 72 28 44 
60 2 29 18 
61 10 29 24 
62 33 29 31 
63 90 29 32 
64 29 29 42 
65 80 29 44 
66 55 30 28 
67 47 30 30 
68 12 30 37 
69 38 30 44 
70 78 31 16 
71 75 31 30 
72 11 31 33 
73 5 31 34 
74 50 31 38 
75 69 31 41 
76 20 31 47 
77 35 32 21 
78 5 32 31 
79 99 32 35 
80 43 32 38 
81 65 32 40 
82 90 32 47 
83 53 33 20 
84 72 33 30 
85 4 33 31 
86 20 33 33 
87 45 33 39 
88 72 33 41 
89 60 33 44 
90 28 33 48 
91 16 34 24 
92 68 34 25 
93 56 34 29 
94 27 34 36 
95 26 34 38 
96 83 34 43 
97 90 35 41 
98 58 35 44 
99 39 36 9 
100 70 36 27 
101 50 36 28 
102 5 36 35 
103 15 36 36 
104 20 36 38 
105 39 36 39 
106 96 36 43 
107 43 36 46 
108 3 37 27 
109 46 37 33 
110 58 37 34 
111 92 37 37 
112 33 37 43 
113 90 37 45 
114 45 38 21 
115 86 38 26 
116 42 38 35 
117 77 38 44 
118 64 39 22 
119 4 39 23 
120 98 39 34 
121 65 39 45 
122 89 39 49 
123 74 40 28 
124 68 40 31 
125 29 40 34 
126 70 40 35 
127 96 40 36 
128 85 40 37 
129 12 40 42 
130 73 40 43 
131 77 41 25 
132 32 41 28 
133 59 41 32 
134 41 42 27 
135 51 42 39 
136 33 42 42 
137 100 42 47 
138 9 42 50 
139 87 43 26 
140 63 43 28 
141 43 43 31 
142 82 43 32 
143 69 43 36 
144 62 43 38 
145 64 43 44 
146 27 44 34 
147 95 44 38 
148 88 44 39 
149 98 44 47 
150 56 44 48 
151 87 44 49 
152 5 45 25 
153 46 45 33 
154 66 45 38 
155 94 45 39 
156 18 45 43 
157 47 46 21 
158 74 46 26 
159 70 46 31 
160 7 46 33 
161 97 46 35 
162 35 46 36 
163 17 46 39 
164 83 46 40 
165 16 47 31 
166 11 47 34 
167 64 47 36 
168 29 47 38 
169 82 47 40 
170 60 47 43 
171 47 47 47 
172 89 48 26 
173 66 48 29 
174 48 48 35 
175 12 48 36 
176 60 48 42 
177 44 48 44 
178 8 48 48 
179 75 49 30 
180 11 49 43 
181 24 50 26 
