100 100 
0 30 50 26 
1 72 26 49 
2 4 19 48 
3 88 33 48 
4 54 47 43 
5 64 47 34 
6 90 46 43 
7 26 46 40 
8 94 46 21 
9 28 45 25 
10 72 27 45 
11 49 30 44 
12 54 44 39 
13 19 28 44 
14 28 43 31 
15 61 36 43 
16 84 43 28 
17 23 29 42 
18 67 42 39 
19 53 26 42 
20 54 42 42 
21 16 41 32 
22 9 40 28 
23 54 40 37 
24 77 40 31 
25 80 39 23 
26 68 33 39 
27 39 39 22 
28 25 28 38 
29 74 10 37 
30 14 37 27 
31 53 36 35 
32 35 36 27 
33 100 36 28 
34 39 32 35 
35 82 26 35 
36 62 27 33 
37 80 28 33 
38 94 31 33 
39 4 32 31 
40 100 17 31 
41 93 31 30 
42 95 28 30 
43 8 28 29 
44 7 29 24 
45 90 26 28 
46 84 28 11 
47 10 28 28 
48 13 27 25 
49 63 21 26 
50 3 11 18 
