100 100 
0 30 6 16 
1 72 6 32 
2 4 6 34 
3 88 7 29 
4 54 8 29 
5 64 9 25 
6 90 10 23 
7 26 11 29 
8 94 11 31 
9 28 12 41 
10 72 13 15 
11 49 13 20 
12 54 14 23 
13 19 14 40 
14 28 15 27 
15 61 17 3 
16 84 17 41 
17 23 18 16 
18 67 18 24 
19 53 19 34 
20 54 19 39 
21 16 20 18 
22 9 20 38 
23 54 21 8 
24 77 21 24 
25 80 21 26 
26 68 21 29 
27 39 22 7 
28 25 22 39 
29 74 23 27 
30 14 23 33 
31 53 24 15 
32 35 25 21 
33 100 25 29 
34 39 25 30 
35 82 25 40 
36 62 25 41 
37 80 26 11 
38 94 26 29 
39 4 26 30 
40 100 26 31 
41 93 26 35 
42 95 26 38 
43 8 26 44 
44 7 26 49 
45 90 27 25 
46 84 27 28 
47 10 27 45 
48 13 27 48 
49 63 28 15 
50 3 28 17 
51 86 28 22 
52 96 28 27 
53 74 28 28 
54 50 28 30 
55 78 28 33 
56 37 28 34 
57 4 28 39 
58 49 28 40 
59 72 28 46 
60 2 29 20 
61 10 29 28 
62 33 29 32 
63 90 29 35 
64 29 30 30 
65 80 30 37 
66 55 30 44 
67 47 31 5 
68 12 31 17 
69 38 31 19 
70 78 31 30 
71 75 31 38 
72 11 31 41 
73 5 31 46 
74 50 31 47 
75 69 31 48 
76 20 32 24 
77 35 32 35 
78 5 32 48 
79 99 33 28 
80 43 33 36 
81 65 33 37 
82 90 33 39 
83 53 33 44 
84 72 34 28 
85 4 34 36 
86 20 34 41 
87 45 34 43 
88 72 34 46 
89 60 35 29 
90 28 36 7 
91 16 36 25 
92 68 36 26 
93 56 36 27 
94 27 36 28 
95 26 36 33 
96 83 36 34 
97 90 36 35 
98 58 36 38 
99 39 36 39 
100 70 36 40 
101 50 36 46 
102 5 36 48 
103 15 37 33 
104 20 37 42 
105 39 37 44 
106 96 37 45 
107 43 38 26 
108 3 38 29 
109 46 38 37 
110 58 38 44 
111 92 38 48 
112 33 38 49 
113 90 39 30 
114 45 39 34 
115 86 39 45 
116 42 39 47 
117 77 39 49 
118 64 40 20 
119 4 40 31 
120 98 40 34 
121 65 40 36 
122 89 40 40 
123 74 40 42 
124 68 40 44 
125 29 40 46 
126 70 40 48 
127 96 41 32 
128 85 41 35 
129 12 41 43 
130 73 42 27 
131 77 42 28 
132 32 42 35 
133 59 42 36 
134 41 42 39 
135 51 42 40 
136 33 42 50 
137 100 43 26 
138 9 43 31 
139 87 43 32 
140 63 43 36 
141 43 43 38 
142 82 44 27 
143 69 44 32 
144 62 44 33 
145 64 44 34 
146 27 44 37 
147 95 44 40 
148 88 44 42 
149 98 44 47 
150 56 44 48 
151 87 44 49 
152 5 45 25 
153 46 45 33 
154 66 45 38 
155 94 45 39 
156 18 45 43 
157 47 46 5 
158 74 46 26 
159 70 46 31 
160 7 46 33 
161 97 46 35 
162 35 46 36 
163 17 46 39 
164 83 47 31 
165 16 47 36 
166 11 47 37 
167 64 47 38 
168 29 47 43 
169 82 47 44 
170 60 47 47 
171 47 47 48 
172 89 48 26 
173 66 48 28 
174 48 48 29 
175 12 48 33 
176 60 48 44 
177 44 49 33 
178 8 50 26 
