100 100 
0 30 9 13 
1 72 11 11 
2 4 17 10 
3 88 17 16 
4 54 18 29 
5 64 21 10 
6 90 21 20 
7 26 21 32 
8 94 22 32 
9 28 22 40 
10 72 22 41 
11 49 23 27 
12 54 24 7 
13 19 24 17 
14 28 25 7 
15 61 25 26 
16 84 25 27 
17 23 26 27 
18 67 26 40 
19 53 26 43 
20 54 27 28 
21 16 27 39 
22 9 27 46 
23 54 28 29 
24 77 28 33 
25 80 28 44 
26 68 28 45 
27 39 28 46 
28 25 29 26 
29 74 29 37 
30 14 29 39 
31 53 30 28 
32 35 30 30 
33 100 30 34 
34 39 30 36 
35 82 30 37 
36 62 30 40 
37 80 31 17 
38 94 31 21 
39 4 31 31 
40 100 31 34 
41 93 32 19 
42 95 32 34 
43 8 32 36 
44 7 33 22 
45 90 33 26 
46 84 33 28 
47 10 33 36 
48 13 33 37 
49 63 34 12 
50 3 34 30 
51 86 34 36 
52 96 34 39 
53 74 35 33 
54 50 35 43 
55 78 35 50 
56 37 36 25 
57 4 36 36 
58 49 36 40 
59 72 36 46 
60 2 37 31 
61 10 37 42 
62 33 37 44 
63 90 38 37 
64 29 38 44 
65 80 38 49 
66 55 39 19 
67 47 39 26 
68 12 39 30 
69 38 39 34 
70 78 39 47 
71 75 39 49 
72 11 40 42 
73 5 40 44 
74 50 40 46 
75 69 40 48 
76 20 42 28 
77 35 42 36 
78 5 42 40 
79 99 43 26 
80 43 43 32 
81 65 43 41 
82 90 43 46 
83 53 44 40 
84 72 44 47 
85 4 45 28 
86 20 45 48 
87 45 46 39 
88 72 47 44 
89 60 48 28 
90 28 48 30 
91 16 48 46 
92 68 49 33 
93 56 49 47 
