100 100 
0 30 7 22 
1 72 7 34 
2 4 10 29 
3 88 10 37 
4 54 11 18 
5 64 12 30 
6 90 13 22 
7 26 16 25 
8 94 17 21 
9 28 17 31 
10 72 19 32 
11 49 19 48 
12 54 20 17 
13 19 21 26 
14 28 22 17 
15 61 25 46 
16 84 26 28 
17 23 26 30 
18 67 26 35 
19 53 26 38 
20 54 26 42 
21 16 26 49 
22 9 27 25 
23 54 27 33 
24 77 27 45 
25 80 28 11 
26 68 28 28 
27 39 28 29 
28 25 28 30 
29 74 28 33 
30 14 28 38 
31 53 28 44 
32 35 29 24 
33 100 29 42 
34 39 30 28 
35 82 30 30 
36 62 30 37 
37 80 30 44 
38 94 31 30 
39 4 31 33 
40 100 32 21 
41 93 32 31 
42 95 32 35 
43 8 32 40 
44 7 33 30 
45 90 33 39 
46 84 33 48 
47 10 34 24 
48 13 34 36 
49 63 34 43 
50 3 36 9 
51 86 36 27 
52 96 36 28 
53 74 36 35 
54 50 36 39 
55 78 36 43 
56 37 37 27 
57 4 37 33 
58 49 37 34 
59 72 37 37 
60 2 39 22 
61 10 39 23 
62 33 39 45 
63 90 39 49 
64 29 40 28 
65 80 40 31 
66 55 40 34 
67 47 40 36 
68 12 40 37 
69 38 40 42 
70 78 41 32 
71 75 42 39 
72 11 42 42 
73 5 43 28 
74 50 43 31 
75 69 44 34 
76 20 44 38 
77 35 44 39 
78 5 44 47 
79 99 44 48 
80 43 45 25 
81 65 46 21 
82 90 46 26 
83 53 46 33 
84 72 46 40 
85 4 46 43 
86 20 47 34 
87 45 47 40 
88 72 47 43 
89 60 48 29 
90 28 48 36 
91 16 49 30 
92 68 49 43 
93 56 50 26 
