1000 1000 
0 30 736 126 
1 72 294 145 
2 4 414 671 
3 88 319 592 
4 54 563 132 
5 64 36 843 
6 90 959 618 
7 26 889 676 
8 94 715 575 
9 28 658 202 
10 72 275 780 
11 49 453 864 
12 54 416 344 
13 19 718 442 
14 28 250 712 
15 61 232 45 
16 84 221 661 
17 23 105 118 
18 67 106 304 
19 53 780 440 
20 54 18 83 
21 16 39 121 
22 9 399 776 
23 54 988 605 
24 77 30 496 
25 80 76 671 
26 68 19 686 
27 39 79 430 
28 25 811 125 
29 74 107 326 
30 14 186 922 
31 53 605 137 
32 35 253 524 
33 100 352 972 
34 39 457 706 
35 82 457 280 
36 62 576 582 
37 80 367 834 
38 94 720 594 
39 4 858 749 
40 100 336 521 
41 93 42 467 
42 95 199 474 
43 8 363 766 
44 7 422 898 
45 90 598 758 
46 84 448 569 
47 10 859 887 
48 13 56 600 
49 63 591 931 
