150 150 
0 30 53 74 
1 72 45 67 
2 4 65 30 
3 88 23 87 
4 54 97 69 
5 64 91 74 
6 90 77 66 
7 26 73 36 
8 94 42 82 
9 28 56 89 
10 72 53 47 
11 49 77 55 
12 54 40 77 
13 19 38 24 
14 28 38 73 
15 61 28 29 
16 84 28 44 
17 23 82 55 
18 67 21 27 
19 53 23 30 
20 54 52 82 
21 16 99 68 
22 9 22 60 
23 54 26 74 
24 77 21 75 
25 80 26 54 
26 68 85 30 
27 39 28 46 
28 25 35 94 
29 74 68 31 
30 14 40 62 
31 53 48 98 
32 35 57 76 
33 100 57 42 
34 39 66 66 
35 82 49 87 
36 62 78 67 
37 80 89 80 
38 94 47 62 
39 4 23 57 
40 100 36 58 
41 93 49 81 
42 95 54 92 
43 8 68 81 
44 7 56 66 
45 90 89 91 
46 84 24 68 
47 10 67 94 
48 13 48 55 
49 63 66 20 
50 3 83 88 
51 86 93 63 
52 96 32 97 
53 74 24 46 
54 50 62 36 
55 78 82 58 
56 37 50 49 
57 4 36 54 
58 49 57 64 
59 72 80 97 
60 2 94 37 
61 10 37 35 
62 33 35 29 
63 90 77 64 
64 29 22 50 
65 80 74 86 
66 55 65 56 
67 47 91 30 
68 12 38 28 
69 38 57 92 
70 78 85 55 
71 75 87 94 
72 11 54 93 
73 5 84 44 
74 50 61 45 
75 69 56 59 
76 20 87 78 
77 35 39 40 
78 5 62 70 
79 99 95 77 
80 43 22 81 
81 65 73 45 
82 90 28 41 
83 53 89 86 
84 72 89 65 
85 4 45 49 
86 20 81 55 
87 45 29 49 
88 72 67 21 
89 60 78 69 
90 28 54 78 
91 16 93 39 
92 68 80 48 
93 56 84 72 
94 27 45 21 
95 26 86 72 
96 83 38 31 
97 90 81 47 
98 58 97 60 
99 39 77 34 
