863 985 
0 30 125 315 
1 72 355 117 
2 4 321 137 
3 88 188 143 
4 54 224 301 
5 64 195 278 
6 90 269 139 
7 26 110 353 
8 94 388 285 
9 28 367 303 
10 72 314 272 
11 49 297 160 
12 54 182 334 
13 19 236 359 
14 28 225 203 
15 61 315 232 
16 84 175 313 
17 23 169 113 
18 67 166 298 
19 53 131 135 
20 54 132 191 
21 16 334 232 
22 9 105 125 
23 54 111 136 
24 77 220 333 
25 80 396 281 
26 68 109 249 
27 39 123 301 
28 25 105 306 
29 74 123 229 
30 14 343 137 
31 53 132 198 
32 35 156 377 
33 100 281 141 
34 39 176 257 
35 82 205 392 
36 62 237 312 
37 80 237 184 
38 94 273 274 
39 4 210 350 
40 100 316 278 
41 93 357 325 
42 95 201 256 
43 8 112 240 
44 7 160 242 
45 90 209 330 
46 84 226 369 
47 10 279 327 
48 13 234 271 
49 63 358 366 
