1000 1000 
0 30 126 294 
1 72 145 414 
2 4 671 319 
3 88 592 563 
4 54 132 36 
5 64 843 959 
6 90 618 889 
7 26 676 715 
8 94 575 658 
9 28 202 275 
10 72 780 453 
11 49 864 416 
12 54 344 718 
13 19 442 250 
14 28 712 232 
15 61 45 221 
16 84 661 105 
17 23 118 106 
18 67 304 780 
19 53 440 18 
20 54 83 39 
21 16 121 399 
22 9 776 988 
23 54 605 30 
24 77 496 76 
25 80 671 19 
26 68 686 79 
27 39 430 811 
28 25 125 107 
29 74 326 186 
30 14 922 605 
31 53 137 253 
32 35 524 352 
33 100 972 457 
34 39 706 457 
35 82 280 576 
36 62 582 367 
37 80 834 720 
38 94 594 858 
39 4 749 336 
40 100 521 42 
41 93 467 199 
42 95 474 363 
43 8 766 422 
44 7 898 598 
45 90 758 448 
46 84 569 859 
47 10 887 56 
48 13 600 591 
49 63 931 356 
50 3 435 571 
51 86 2 793 
52 96 851 910 
53 74 541 146 
54 50 959 54 
55 78 330 524 
56 37 206 778 
57 4 477 372 
58 49 366 195 
59 72 428 469 
60 2 553 749 
61 10 961 924 
62 33 210 218 
63 90 187 185 
64 29 115 713 
65 80 549 26 
66 55 379 678 
67 47 826 559 
68 12 447 891 
69 38 130 230 
70 78 96 464 
71 75 902 815 
72 11 438 840 
73 5 924 427 
74 50 917 798 
75 69 305 509 
76 20 311 448 
77 35 490 838 
78 5 731 236 
79 99 256 528 
80 43 621 937 
81 65 714 21 
82 90 759 666 
83 53 311 96 
84 72 257 864 
85 4 821 862 
86 20 558 311 
87 45 358 766 
88 72 441 117 
89 60 364 585 
90 28 17 726 
91 16 619 430 
92 68 728 917 
93 56 234 745 
94 27 356 801 
95 26 651 309 
96 83 9 822 
97 90 651 231 
98 58 133 757 
99 39 343 957 
