1000 1000 
0 30 56 75 
1 72 49 69 
2 4 67 35 
3 88 28 88 
4 54 97 71 
5 64 92 76 
6 90 79 68 
7 26 74 40 
8 94 46 83 
9 28 59 90 
10 72 56 51 
11 49 79 58 
12 54 44 78 
13 19 42 28 
14 28 41 75 
15 61 33 34 
16 84 33 48 
17 23 84 58 
18 67 26 31 
19 53 28 34 
20 54 55 83 
21 16 99 70 
22 9 27 62 
23 54 31 75 
24 77 26 76 
25 80 31 57 
26 68 86 34 
27 39 33 49 
28 25 39 94 
29 74 70 35 
30 14 44 64 
31 53 51 98 
32 35 59 78 
33 100 59 46 
34 39 68 69 
35 82 52 88 
36 62 79 70 
37 80 89 81 
38 94 50 64 
39 4 28 60 
40 100 40 61 
41 93 52 82 
42 95 57 92 
43 8 70 82 
44 7 59 68 
45 90 89 92 
46 84 29 70 
47 10 69 95 
48 13 52 58 
49 63 68 25 
50 3 84 89 
51 86 93 66 
52 96 36 97 
53 74 29 50 
54 50 64 40 
55 78 83 61 
56 37 53 52 
57 4 40 57 
58 49 60 66 
59 72 81 97 
60 2 94 41 
61 10 41 39 
62 33 39 34 
63 90 78 66 
64 29 27 53 
65 80 76 87 
66 55 67 58 
67 47 92 35 
68 12 42 32 
69 38 60 93 
70 78 86 58 
71 75 88 94 
72 11 57 94 
73 5 85 48 
74 50 63 48 
75 69 59 62 
76 20 88 80 
77 35 43 44 
78 5 65 72 
79 99 95 79 
80 43 27 82 
81 65 75 48 
82 90 32 44 
83 53 90 87 
84 72 90 67 
85 4 48 52 
86 20 82 58 
87 45 34 52 
88 72 69 26 
89 60 79 71 
90 28 57 80 
91 16 94 42 
92 68 81 52 
93 56 85 74 
94 27 48 26 
95 26 87 74 
96 83 42 35 
97 90 82 51 
98 58 97 63 
99 39 79 38 
