150 150 
0 30 43 32 
1 72 53 74 
2 4 45 67 
3 88 65 30 
4 54 23 87 
5 64 97 69 
6 90 91 74 
7 26 77 66 
8 94 73 36 
9 28 42 82 
10 72 56 89 
11 49 53 47 
12 54 77 55 
13 19 40 77 
14 28 38 24 
15 61 38 73 
16 84 28 29 
17 23 28 44 
18 67 82 55 
19 53 21 27 
20 54 23 30 
21 16 52 82 
22 9 99 68 
23 54 22 60 
24 77 26 74 
25 80 21 75 
26 68 26 54 
27 39 85 30 
28 25 28 46 
29 74 35 94 
30 14 68 31 
31 53 40 62 
32 35 48 98 
33 100 57 76 
34 39 57 42 
35 82 66 66 
36 62 49 87 
37 80 78 67 
38 94 89 80 
39 4 47 62 
40 100 23 57 
41 93 36 58 
42 95 49 81 
43 8 54 92 
44 7 68 81 
45 90 56 66 
46 84 89 91 
47 10 24 68 
48 13 67 94 
49 63 48 55 
50 3 66 20 
51 86 83 88 
52 96 93 63 
53 74 32 97 
54 50 24 46 
55 78 62 36 
56 37 82 58 
57 4 50 49 
58 49 36 54 
59 72 57 64 
60 2 80 97 
61 10 94 37 
62 33 37 35 
63 90 35 29 
64 29 77 64 
65 80 22 50 
66 55 74 86 
67 47 65 56 
68 12 91 30 
69 38 38 28 
70 78 57 92 
71 75 85 55 
72 11 87 94 
73 5 54 93 
74 50 84 44 
75 69 61 45 
76 20 56 59 
77 35 87 78 
78 5 39 40 
79 99 62 70 
80 43 95 77 
81 65 22 81 
82 90 73 45 
83 53 28 41 
84 72 89 86 
85 4 89 65 
86 20 45 49 
87 45 81 55 
88 72 29 49 
89 60 67 21 
90 28 78 69 
91 16 54 78 
92 68 93 39 
93 56 80 48 
94 27 84 72 
95 26 45 21 
96 83 86 72 
97 90 38 31 
98 58 81 47 
99 39 97 60 
