150 150 
0 30 21 89 
1 72 21 95 
2 4 22 92 
3 88 23 88 
4 54 23 91 
5 64 23 95 
6 90 24 91 
7 26 26 88 
8 94 26 90 
9 28 28 83 
10 72 28 85 
11 49 35 84 
12 54 36 78 
13 19 38 72 
14 28 38 78 
15 61 40 75 
16 84 40 77 
17 23 42 75 
18 67 43 68 
19 53 45 70 
20 54 47 68 
21 16 48 71 
22 9 49 68 
23 54 49 69 
24 77 52 65 
25 80 53 60 
26 68 53 63 
27 39 54 64 
28 25 56 59 
29 74 56 62 
30 14 57 55 
31 53 57 60 
32 35 65 46 
33 100 66 49 
34 39 67 52 
35 82 68 43 
36 62 68 49 
37 80 73 39 
38 94 77 37 
39 4 77 38 
40 100 78 37 
41 93 79 32 
42 95 82 32 
43 8 85 26 
44 7 89 28 
45 90 89 29 
46 84 91 25 
47 10 97 19 
48 13 99 17 
