1000 1000 
0 30 117 321 
1 72 137 188 
2 4 143 224 
3 88 301 195 
4 54 278 269 
5 64 139 110 
6 90 353 388 
7 26 285 367 
8 94 303 314 
9 28 272 297 
10 72 160 182 
11 49 334 236 
12 54 359 225 
13 19 203 315 
14 28 232 175 
15 61 313 169 
16 84 113 166 
17 23 298 131 
18 67 135 132 
19 53 191 334 
20 54 232 105 
21 16 125 111 
22 9 136 220 
23 54 333 396 
24 77 281 109 
25 80 249 123 
26 68 301 105 
27 39 306 123 
28 25 229 343 
29 74 137 132 
30 14 198 156 
31 53 377 281 
32 35 141 176 
33 100 257 205 
34 39 392 237 
35 82 312 237 
36 62 184 273 
37 80 274 210 
38 94 350 316 
39 4 278 357 
40 100 325 201 
41 93 256 112 
42 95 240 160 
43 8 242 209 
44 7 330 226 
45 90 369 279 
46 84 327 234 
47 10 271 358 
48 13 366 117 
49 63 280 277 
50 3 379 207 
51 86 230 271 
52 96 100 338 
53 74 355 373 
54 50 262 144 
55 78 388 116 
56 37 199 257 
57 4 162 333 
58 49 243 212 
59 72 210 158 
60 2 228 240 
61 10 266 325 
62 33 388 377 
63 90 163 165 
64 29 156 155 
65 80 134 314 
66 55 265 107 
67 47 213 303 
68 12 348 268 
69 38 234 367 
70 78 139 169 
71 75 129 239 
72 11 371 344 
73 5 231 352 
74 50 377 228 
75 69 375 339 
76 20 191 252 
77 35 193 234 
78 5 247 351 
79 99 319 171 
80 43 177 258 
81 65 286 381 
82 90 314 106 
83 53 328 300 
84 72 193 128 
85 4 177 359 
86 20 346 359 
87 45 267 193 
88 72 207 330 
89 60 232 135 
90 28 209 275 
91 16 105 318 
92 68 286 229 
93 56 318 375 
94 27 170 323 
95 26 207 340 
96 83 295 192 
97 90 103 346 
98 58 295 169 
99 39 140 327 
