1000 1000 
0 30 217 84 
1 72 716 851 
2 4 57 736 
3 88 126 294 
4 54 145 414 
5 64 671 319 
6 90 592 563 
7 26 132 36 
8 94 843 959 
9 28 618 889 
10 72 676 715 
11 49 575 658 
12 54 202 275 
13 19 780 453 
14 28 864 416 
15 61 344 718 
16 84 442 250 
17 23 712 232 
18 67 45 221 
19 53 661 105 
20 54 118 106 
21 16 304 780 
22 9 440 18 
23 54 83 39 
24 77 121 399 
25 80 776 988 
26 68 605 30 
27 39 496 76 
28 25 671 19 
29 74 686 79 
30 14 430 811 
31 53 125 107 
32 35 326 186 
33 100 922 605 
34 39 137 253 
35 82 524 352 
36 62 972 457 
37 80 706 457 
38 94 280 576 
39 4 582 367 
40 100 834 720 
41 93 594 858 
42 95 749 336 
43 8 521 42 
44 7 467 199 
45 90 474 363 
46 84 766 422 
47 10 898 598 
48 13 758 448 
49 63 569 859 
