150 150 
0 30 21 13 
1 72 21 25 
2 4 22 20 
3 88 22 22 
4 54 22 27 
5 64 23 15 
6 90 23 22 
7 26 23 30 
8 94 24 21 
9 28 24 26 
10 72 26 25 
11 49 26 29 
12 54 28 20 
13 19 28 23 
14 28 28 24 
15 61 28 25 
16 84 29 26 
17 23 32 41 
18 67 35 27 
19 53 35 43 
20 54 36 35 
21 16 37 31 
22 9 38 29 
23 54 38 30 
24 77 38 31 
25 80 38 41 
26 68 39 34 
27 39 40 40 
28 25 40 44 
29 74 42 48 
30 14 45 35 
31 53 45 42 
32 35 45 47 
33 100 47 47 
34 39 48 47 
35 82 48 57 
36 62 49 54 
37 80 49 56 
38 94 50 47 
39 4 52 58 
40 100 53 50 
41 93 53 56 
42 95 54 59 
43 8 54 62 
44 7 56 56 
45 90 56 57 
46 84 56 63 
47 10 57 53 
48 13 57 58 
49 63 57 61 
50 3 57 65 
51 86 61 57 
52 96 62 56 
53 74 62 64 
54 50 65 58 
55 78 65 64 
56 37 66 56 
57 4 66 68 
58 49 67 57 
59 72 67 76 
60 2 68 61 
61 10 68 73 
62 33 73 67 
63 90 73 69 
64 29 74 81 
65 80 77 70 
66 55 77 76 
67 47 77 78 
68 12 78 80 
69 38 80 77 
70 78 80 89 
71 75 81 78 
72 11 81 80 
73 5 82 81 
74 50 82 82 
75 69 83 90 
76 20 84 80 
77 35 84 87 
78 5 85 77 
79 99 85 84 
80 43 86 89 
81 65 87 92 
82 90 87 95 
83 53 89 90 
84 72 89 94 
85 4 89 95 
86 20 89 97 
87 45 91 84 
88 72 91 95 
89 60 93 88 
90 28 93 94 
91 16 94 88 
92 68 95 99 
93 56 97 97 
94 27 97 99 
95 26 99 101 
