1000 1000 
0 30 80 34 
1 72 47 36 
2 4 56 75 
3 88 49 69 
4 54 67 35 
5 64 28 88 
6 90 97 71 
7 26 92 76 
8 94 79 68 
9 28 74 40 
10 72 46 83 
11 49 59 90 
12 54 56 51 
13 19 79 58 
14 28 44 78 
15 61 42 28 
16 84 41 75 
17 23 33 34 
18 67 33 48 
19 53 84 58 
20 54 26 31 
21 16 28 34 
22 9 55 83 
23 54 99 70 
24 77 27 62 
25 80 31 75 
26 68 26 76 
27 39 31 57 
28 25 86 34 
29 74 33 49 
30 14 39 94 
31 53 70 35 
32 35 44 64 
33 100 51 98 
34 39 59 78 
35 82 59 46 
36 62 68 69 
37 80 52 88 
38 94 79 70 
39 4 89 81 
40 100 50 64 
41 93 28 60 
42 95 40 61 
43 8 52 82 
44 7 57 92 
45 90 70 82 
46 84 59 68 
47 10 89 92 
48 13 29 70 
49 63 69 95 
