1000 1000 
0 30 105 125 
1 72 105 212 
2 4 105 306 
3 88 106 328 
4 54 107 213 
5 64 107 222 
6 90 109 249 
7 26 110 323 
8 94 110 353 
9 28 111 136 
10 72 111 357 
11 49 112 240 
12 54 112 329 
13 19 113 153 
14 28 116 127 
15 61 116 199 
16 84 117 280 
17 23 120 388 
18 67 122 101 
19 53 123 229 
20 54 123 301 
21 16 124 250 
22 9 125 367 
23 54 126 283 
24 77 128 177 
25 80 131 135 
26 68 132 191 
27 39 132 198 
28 25 135 209 
29 74 138 158 
30 14 139 188 
31 53 141 170 
32 35 141 178 
33 100 142 229 
34 39 142 318 
35 82 144 366 
36 62 144 388 
37 80 145 375 
38 94 147 370 
39 4 150 169 
40 100 151 292 
41 93 154 230 
42 95 155 134 
43 8 156 136 
44 7 156 377 
45 90 158 228 
46 84 160 242 
47 10 164 189 
48 13 165 156 
49 63 166 298 
50 3 169 113 
51 86 169 129 
52 96 169 140 
53 74 171 177 
54 50 174 157 
55 78 175 313 
56 37 176 137 
57 4 176 257 
58 49 176 374 
59 72 179 170 
60 2 180 331 
61 10 182 219 
62 33 182 334 
63 90 188 143 
64 29 188 322 
65 80 189 188 
66 55 191 275 
67 47 192 103 
68 12 193 207 
69 38 195 233 
70 78 195 278 
71 75 201 256 
72 11 205 392 
73 5 207 230 
74 50 207 395 
75 69 209 330 
76 20 210 201 
77 35 210 350 
78 5 211 248 
79 99 212 210 
80 43 212 331 
81 65 219 384 
82 90 220 333 
83 53 221 366 
84 72 224 301 
85 4 225 203 
86 20 226 369 
87 45 227 242 
88 72 228 124 
89 60 228 375 
90 28 229 318 
91 16 233 392 
92 68 234 247 
93 56 234 271 
94 27 235 134 
95 26 236 308 
96 83 236 359 
97 90 237 184 
98 58 237 217 
99 39 237 312 
100 70 238 321 
101 50 239 371 
102 5 240 266 
103 15 243 207 
104 20 245 394 
105 39 248 205 
106 96 252 144 
107 43 252 193 
108 3 255 324 
109 46 257 162 
110 58 258 286 
111 92 260 194 
112 33 260 292 
113 90 261 133 
114 45 264 359 
115 86 265 309 
116 42 268 234 
117 77 269 139 
118 64 271 100 
119 4 273 274 
120 98 275 105 
121 65 277 379 
122 89 279 327 
123 74 281 141 
124 68 283 340 
125 29 284 288 
126 70 297 160 
127 96 298 278 
128 85 299 199 
129 12 300 193 
130 73 303 121 
131 77 303 204 
132 32 303 348 
133 59 307 260 
134 41 309 370 
135 51 311 245 
136 33 314 224 
137 100 314 265 
138 9 314 272 
139 87 315 232 
140 63 316 151 
141 43 316 278 
142 82 317 276 
143 69 318 286 
144 62 319 163 
145 64 321 295 
146 27 323 207 
147 95 325 388 
148 88 327 203 
149 98 330 124 
150 56 330 232 
151 87 333 243 
152 5 334 198 
153 46 334 232 
154 66 338 355 
155 94 339 191 
156 18 340 193 
157 47 340 295 
158 74 342 182 
159 70 343 137 
160 7 344 231 
161 97 345 348 
162 35 346 295 
163 17 349 306 
164 83 351 319 
165 16 352 377 
166 11 357 325 
167 64 358 366 
168 29 359 267 
169 82 359 346 
170 60 361 378 
171 47 362 140 
172 89 363 216 
173 66 363 285 
174 48 365 151 
175 12 367 139 
176 60 367 303 
177 44 371 247 
178 8 373 262 
179 75 373 399 
180 11 374 346 
181 24 375 170 
182 22 377 163 
183 16 379 285 
184 5 379 348 
185 77 380 222 
186 43 381 237 
187 16 381 314 
188 76 382 180 
189 26 383 144 
190 40 384 186 
191 69 385 299 
192 72 387 251 
193 28 388 285 
194 27 393 122 
195 16 396 191 
196 54 396 281 
197 16 397 181 
198 21 398 205 
