1000 1000 
0 30 62 157 
1 72 178 58 
2 4 160 69 
3 88 94 72 
4 54 112 151 
5 64 98 139 
6 90 134 70 
7 26 55 176 
8 94 194 143 
9 28 183 151 
10 72 157 136 
11 49 149 80 
12 54 91 167 
13 19 118 180 
14 28 112 102 
15 61 158 116 
16 84 87 157 
17 23 85 57 
18 67 83 149 
19 53 66 68 
20 54 66 95 
21 16 167 116 
22 9 53 62 
23 54 56 68 
24 77 110 166 
25 80 198 141 
26 68 54 124 
27 39 61 151 
28 25 53 153 
29 74 62 114 
30 14 172 69 
31 53 66 99 
32 35 78 188 
33 100 141 70 
34 39 88 128 
35 82 103 196 
36 62 118 156 
37 80 119 92 
38 94 136 137 
39 4 105 175 
40 100 158 139 
41 93 179 162 
42 95 100 128 
43 8 56 120 
44 7 80 121 
45 90 104 165 
46 84 113 185 
47 10 140 164 
48 13 117 135 
49 63 179 183 
50 3 58 140 
51 86 139 190 
52 96 103 115 
53 74 136 50 
54 50 169 178 
55 78 187 131 
56 37 72 194 
57 4 58 99 
58 49 128 81 
59 72 167 121 
60 2 106 105 
61 10 79 114 
62 33 120 133 
63 90 162 194 
64 29 189 81 
65 80 83 78 
66 55 78 67 
67 47 157 132 
68 12 54 107 
69 38 152 174 
70 78 134 117 
71 75 184 69 
72 11 84 64 
73 5 120 185 
74 50 172 116 
75 69 176 189 
76 20 114 187 
77 35 170 96 
78 5 126 97 
79 99 117 123 
80 43 176 160 
81 65 85 88 
82 90 129 143 
83 53 191 157 
84 72 53 164 
85 4 150 96 
86 20 64 88 
87 45 180 173 
88 72 179 134 
89 60 97 104 
90 28 165 116 
91 16 67 105 
92 68 138 52 
93 56 159 143 
94 27 114 159 
95 26 188 85 
96 83 162 103 
97 90 170 148 
98 58 96 51 
99 39 173 148 
