1000 1000 
0 30 250 630 
1 72 710 234 
2 4 641 275 
3 88 376 287 
4 54 448 602 
5 64 391 555 
6 90 537 279 
7 26 221 706 
8 94 775 571 
9 28 733 606 
10 72 629 545 
11 49 595 321 
12 54 365 668 
13 19 472 718 
14 28 449 406 
15 61 631 465 
16 84 349 627 
17 23 339 226 
18 67 332 597 
19 53 262 271 
20 54 263 382 
21 16 668 464 
22 9 210 249 
23 54 223 272 
24 77 439 666 
25 80 793 563 
26 68 217 497 
27 39 245 603 
28 25 211 612 
29 74 247 458 
30 14 686 275 
31 53 264 395 
32 35 311 753 
33 100 563 282 
34 39 351 514 
35 82 411 783 
36 62 474 623 
37 80 474 367 
38 94 545 549 
39 4 420 700 
40 100 632 556 
41 93 715 649 
42 95 401 512 
43 8 225 480 
44 7 319 484 
45 90 417 659 
46 84 453 738 
47 10 559 655 
48 13 468 541 
49 63 715 732 
50 3 233 560 
51 86 555 758 
52 96 413 461 
53 74 543 200 
54 50 676 710 
55 78 746 524 
56 37 287 776 
57 4 232 397 
58 49 514 323 
59 72 667 486 
60 2 423 419 
61 10 317 457 
62 33 481 531 
63 90 649 776 
64 29 755 325 
65 80 330 312 
66 55 310 268 
67 47 627 529 
68 12 215 427 
69 38 606 695 
70 78 535 468 
71 75 734 277 
72 11 338 257 
73 5 478 741 
74 50 689 463 
75 69 704 754 
76 20 456 750 
77 35 678 383 
78 5 505 386 
79 99 469 494 
80 43 703 638 
81 65 341 353 
82 90 516 572 
83 53 762 628 
84 72 212 655 
85 4 599 386 
86 20 257 354 
87 45 718 692 
88 72 717 535 
89 60 386 414 
90 28 660 464 
91 16 270 418 
92 68 551 209 
93 56 636 571 
94 27 458 637 
95 26 750 340 
96 83 647 413 
97 90 681 591 
98 58 385 205 
99 39 693 590 
100 70 338 279 
101 50 654 405 
102 5 774 502 
103 15 631 303 
104 20 359 341 
105 39 290 749 
106 96 359 661 
107 43 698 611 
108 3 441 731 
109 46 722 755 
110 58 473 616 
111 92 628 448 
112 33 520 584 
113 90 282 357 
114 45 249 500 
115 86 352 747 
116 42 727 432 
117 77 505 287 
118 64 220 646 
119 4 606 242 
120 98 796 409 
121 65 723 280 
122 89 521 388 
123 74 522 266 
124 68 661 248 
125 29 470 268 
126 70 283 458 
127 96 634 552 
128 85 455 483 
129 12 680 385 
130 73 642 591 
131 77 474 434 
132 32 511 647 
133 59 684 364 
134 41 529 719 
135 51 377 644 
136 33 762 473 
137 100 618 739 
138 9 278 376 
139 87 275 317 
140 63 743 495 
141 43 214 443 
142 82 423 495 
143 69 302 585 
144 62 785 245 
145 64 606 409 
146 27 497 410 
147 95 791 382 
148 88 223 658 
149 98 726 571 
150 56 233 254 
151 87 476 641 
152 5 391 466 
153 46 309 461 
154 66 764 360 
155 94 690 696 
156 18 420 403 
157 47 487 414 
158 74 425 661 
159 70 566 680 
160 7 245 202 
161 97 794 362 
162 35 747 692 
163 17 638 326 
164 83 599 397 
165 16 363 439 
166 11 465 785 
167 64 438 767 
168 29 615 521 
169 82 328 378 
170 60 312 273 
171 47 301 338 
172 89 226 307 
173 66 222 713 
174 48 622 490 
175 12 759 571 
176 60 766 288 
177 44 378 377 
178 8 727 569 
179 75 746 799 
180 11 769 599 
181 24 730 303 
182 22 760 444 
183 16 595 556 
184 5 767 371 
185 77 210 424 
186 43 456 248 
187 16 240 775 
188 76 294 740 
189 26 353 275 
190 40 348 314 
191 69 414 790 
192 72 284 637 
193 28 491 787 
194 27 568 575 
195 16 250 734 
196 54 669 396 
197 16 758 696 
198 21 251 566 
199 51 281 340 
