150 150 
0 30 24 88 
1 72 27 83 
2 4 29 82 
3 88 30 80 
4 54 30 81 
5 64 30 83 
6 90 31 81 
7 26 32 82 
8 94 36 76 
9 28 42 73 
10 72 44 73 
11 49 46 65 
12 54 47 70 
13 19 54 64 
14 28 55 55 
15 61 55 57 
16 84 55 60 
17 23 57 54 
18 67 58 55 
19 53 60 50 
20 54 62 48 
21 16 62 51 
22 9 66 47 
23 54 66 50 
24 77 66 52 
25 80 67 48 
26 68 67 51 
27 39 68 42 
28 25 68 47 
29 74 69 49 
30 14 73 38 
31 53 74 36 
32 35 74 39 
33 100 74 43 
34 39 75 35 
35 82 76 38 
36 62 77 35 
37 80 80 33 
38 94 81 33 
39 4 82 32 
40 100 82 37 
41 93 87 30 
42 95 87 32 
43 8 89 25 
44 7 91 19 
45 90 92 23 
46 84 94 19 
47 10 94 22 
48 13 98 16 
