150 150 
0 30 37 27 
1 72 77 88 
2 4 24 79 
3 88 30 43 
4 54 32 53 
5 64 74 45 
6 90 67 65 
7 26 30 23 
8 94 87 97 
9 28 69 91 
10 72 74 77 
11 49 66 73 
12 54 36 42 
13 19 82 56 
14 28 89 53 
15 61 47 77 
16 84 55 40 
17 23 77 38 
18 67 24 38 
19 53 73 28 
20 54 29 28 
21 16 44 82 
22 9 55 21 
23 54 27 23 
24 77 30 52 
25 80 82 99 
26 68 68 22 
27 39 60 26 
28 25 74 21 
29 74 75 26 
30 14 54 85 
31 53 30 28 
32 35 46 35 
33 100 94 68 
34 39 31 40 
35 82 62 48 
36 62 98 57 
37 80 76 57 
38 94 42 66 
39 4 66 49 
40 100 87 78 
41 93 67 89 
42 95 80 47 
43 8 62 23 
44 7 57 36 
45 90 58 49 
46 84 81 54 
47 10 92 68 
48 13 81 56 
49 63 66 89 
