1000 1000 
0 30 376 287 
1 72 448 602 
2 4 391 555 
3 88 537 279 
4 54 221 706 
5 64 775 571 
6 90 733 606 
7 26 629 545 
8 94 595 321 
9 28 365 668 
10 72 472 718 
11 49 449 406 
12 54 631 465 
13 19 349 627 
14 28 339 226 
15 61 332 597 
16 84 262 271 
17 23 263 382 
18 67 668 464 
19 53 210 249 
20 54 223 272 
21 16 439 666 
22 9 793 563 
23 54 217 497 
24 77 245 603 
25 80 211 612 
26 68 247 458 
27 39 686 275 
28 25 264 395 
29 74 311 753 
30 14 563 282 
31 53 351 514 
32 35 411 783 
33 100 474 623 
34 39 474 367 
35 82 545 549 
36 62 420 700 
37 80 632 556 
38 94 715 649 
39 4 401 512 
40 100 225 480 
41 93 319 484 
42 95 417 659 
43 8 453 738 
44 7 559 655 
45 90 468 541 
46 84 715 732 
47 10 233 560 
48 13 555 758 
49 63 413 461 
50 3 543 200 
51 86 676 710 
52 96 746 524 
53 74 287 776 
54 50 232 397 
55 78 514 323 
56 37 667 486 
57 4 423 419 
58 49 317 457 
59 72 481 531 
60 2 649 776 
61 10 755 325 
62 33 330 312 
63 90 310 268 
64 29 627 529 
65 80 215 427 
66 55 606 695 
67 47 535 468 
68 12 734 277 
69 38 338 257 
70 78 478 741 
71 75 689 463 
72 11 704 754 
73 5 456 750 
74 50 678 383 
75 69 505 386 
76 20 469 494 
77 35 703 638 
78 5 341 353 
79 99 516 572 
80 43 762 628 
81 65 212 655 
82 90 599 386 
83 53 257 354 
84 72 718 692 
85 4 717 535 
86 20 386 414 
87 45 660 464 
88 72 270 418 
89 60 551 209 
90 28 636 571 
91 16 458 637 
92 68 750 340 
93 56 647 413 
94 27 681 591 
95 26 385 205 
96 83 693 590 
97 90 338 279 
98 58 654 405 
99 39 774 502 
