1000 1000 
0 30 234 641 
1 72 275 376 
2 4 287 448 
3 88 602 391 
4 54 555 537 
5 64 279 221 
6 90 706 775 
7 26 571 733 
8 94 606 629 
9 28 545 595 
10 72 321 365 
11 49 668 472 
12 54 718 449 
13 19 406 631 
14 28 465 349 
15 61 627 339 
16 84 226 332 
17 23 597 262 
18 67 271 263 
19 53 382 668 
20 54 464 210 
21 16 249 223 
22 9 272 439 
23 54 666 793 
24 77 563 217 
25 80 497 245 
26 68 603 211 
27 39 612 247 
28 25 458 686 
29 74 275 264 
30 14 395 311 
31 53 753 563 
32 35 282 351 
33 100 514 411 
34 39 783 474 
35 82 623 474 
36 62 367 545 
37 80 549 420 
38 94 700 632 
39 4 556 715 
40 100 649 401 
41 93 512 225 
42 95 480 319 
43 8 484 417 
44 7 659 453 
45 90 738 559 
46 84 655 468 
47 10 541 715 
48 13 732 233 
49 63 560 555 
