1000 1000 
0 30 160 69 
1 72 94 72 
2 4 112 151 
3 88 98 139 
4 54 134 70 
5 64 55 176 
6 90 194 143 
7 26 183 151 
8 94 157 136 
9 28 149 80 
10 72 91 167 
11 49 118 180 
12 54 112 102 
13 19 158 116 
14 28 87 157 
15 61 85 57 
16 84 83 149 
17 23 66 68 
18 67 66 95 
19 53 167 116 
20 54 53 62 
21 16 56 68 
22 9 110 166 
23 54 198 141 
24 77 54 124 
25 80 61 151 
26 68 53 153 
27 39 62 114 
28 25 172 69 
29 74 66 99 
30 14 78 188 
31 53 141 70 
32 35 88 128 
33 100 103 196 
34 39 118 156 
35 82 119 92 
36 62 136 137 
37 80 105 175 
38 94 158 139 
39 4 179 162 
40 100 100 128 
41 93 56 120 
42 95 80 121 
43 8 104 165 
44 7 113 185 
45 90 140 164 
46 84 117 135 
47 10 179 183 
48 13 58 140 
49 63 139 190 
50 3 103 115 
51 86 136 50 
52 96 169 178 
53 74 187 131 
54 50 72 194 
55 78 58 99 
56 37 128 81 
57 4 167 121 
58 49 106 105 
59 72 79 114 
60 2 120 133 
61 10 162 194 
62 33 189 81 
63 90 83 78 
64 29 78 67 
65 80 157 132 
66 55 54 107 
67 47 152 174 
68 12 134 117 
69 38 184 69 
70 78 84 64 
71 75 120 185 
72 11 172 116 
73 5 176 189 
74 50 114 187 
75 69 170 96 
76 20 126 97 
77 35 117 123 
78 5 176 160 
79 99 85 88 
80 43 129 143 
81 65 191 157 
82 90 53 164 
83 53 150 96 
84 72 64 88 
85 4 180 173 
86 20 179 134 
87 45 97 104 
88 72 165 116 
89 60 67 105 
90 28 138 52 
91 16 159 143 
92 68 114 159 
93 56 188 85 
94 27 162 103 
95 26 170 148 
96 83 96 51 
97 90 173 148 
98 58 85 70 
99 39 164 101 
