150 150 
0 30 20 83 
1 72 20 99 
2 4 21 78 
3 88 21 86 
4 54 24 38 
5 64 24 79 
6 90 26 25 
7 26 26 56 
8 94 26 74 
9 28 26 99 
10 72 27 23 
11 49 27 57 
12 54 28 57 
13 19 29 28 
14 28 29 31 
15 61 29 77 
16 84 29 81 
17 23 30 23 
18 67 30 28 
19 53 30 33 
20 54 30 38 
21 16 30 40 
22 9 30 43 
23 54 30 52 
24 77 31 40 
25 80 31 63 
26 68 31 81 
27 39 32 23 
28 25 32 44 
29 74 32 53 
30 14 34 23 
31 53 34 41 
32 35 34 95 
33 100 35 35 
34 39 35 49 
35 82 36 42 
36 62 36 82 
37 80 36 92 
38 94 37 37 
39 4 37 73 
40 100 38 23 
41 93 39 32 
42 95 39 44 
43 8 39 80 
44 7 40 62 
45 90 41 27 
46 84 41 85 
47 10 41 89 
48 13 42 64 
49 63 42 66 
50 3 42 93 
51 86 43 21 
52 96 43 30 
53 74 44 23 
54 50 44 35 
55 78 44 61 
56 37 44 82 
57 4 44 90 
58 49 45 28 
59 72 45 56 
60 2 45 63 
61 10 45 79 
62 33 46 35 
63 90 46 42 
64 29 46 62 
65 80 46 94 
66 55 47 58 
67 47 47 77 
68 12 47 97 
69 38 48 50 
70 78 48 60 
71 75 48 84 
72 11 48 90 
73 5 48 99 
74 50 49 36 
75 69 49 67 
76 20 49 81 
77 35 50 54 
78 5 50 74 
79 99 51 61 
80 43 52 50 
81 65 52 55 
82 90 53 63 
83 53 53 73 
84 72 54 57 
85 4 54 78 
86 20 54 85 
87 45 55 21 
88 72 55 29 
89 60 55 34 
90 28 55 40 
91 16 55 66 
92 68 55 87 
93 56 55 95 
94 27 56 76 
95 26 56 91 
96 83 57 36 
97 90 58 49 
98 58 58 50 
99 39 58 84 
100 70 59 22 
101 50 59 34 
102 5 59 87 
103 15 59 95 
104 20 60 26 
105 39 60 40 
106 96 60 77 
107 43 62 23 
108 3 62 48 
109 46 63 32 
110 58 63 37 
111 92 64 22 
112 33 64 80 
113 90 65 45 
114 45 66 49 
115 86 66 73 
116 42 66 89 
117 77 67 32 
118 64 67 54 
119 4 67 65 
120 98 67 89 
121 65 67 96 
122 89 68 22 
123 74 68 67 
124 68 69 24 
125 29 69 31 
126 70 69 54 
127 96 69 91 
128 85 69 93 
129 12 69 96 
130 73 70 27 
131 77 70 95 
132 32 71 31 
133 59 71 98 
134 41 72 38 
135 51 72 45 
136 33 72 57 
137 100 73 28 
138 9 73 91 
139 87 74 21 
140 63 74 45 
141 43 74 77 
142 82 75 26 
143 69 75 52 
144 62 76 57 
145 64 76 77 
146 27 77 22 
147 95 77 38 
148 88 78 39 
149 98 78 59 
150 56 78 93 
151 87 79 45 
152 5 79 74 
153 46 79 95 
154 66 80 47 
155 94 80 85 
156 18 81 54 
157 47 81 56 
158 74 81 73 
159 70 81 90 
160 7 82 56 
161 97 82 69 
162 35 82 86 
163 17 82 99 
164 83 84 26 
165 16 86 27 
166 11 86 49 
167 64 86 65 
168 29 86 78 
169 82 86 89 
170 60 87 78 
171 47 87 97 
172 89 88 76 
173 66 88 93 
174 48 89 44 
175 12 89 53 
176 60 91 24 
177 44 91 82 
178 8 91 90 
179 75 92 30 
180 11 92 40 
181 24 92 68 
182 22 92 85 
183 16 93 41 
184 5 93 84 
185 77 93 90 
186 43 94 48 
187 16 94 54 
188 76 94 56 
189 26 94 68 
190 40 96 75 
191 69 97 24 
192 72 97 33 
193 28 97 94 
194 27 98 52 
195 16 98 57 
196 54 98 69 
197 16 99 31 
198 21 100 96 
