1000 1000 
0 30 178 58 
1 72 160 69 
2 4 94 72 
3 88 112 151 
4 54 98 139 
5 64 134 70 
6 90 55 176 
7 26 194 143 
8 94 183 151 
9 28 157 136 
10 72 149 80 
11 49 91 167 
12 54 118 180 
13 19 112 102 
14 28 158 116 
15 61 87 157 
16 84 85 57 
17 23 83 149 
18 67 66 68 
19 53 66 95 
20 54 167 116 
21 16 53 62 
22 9 56 68 
23 54 110 166 
24 77 198 141 
25 80 54 124 
26 68 61 151 
27 39 53 153 
28 25 62 114 
29 74 172 69 
30 14 66 99 
31 53 78 188 
32 35 141 70 
33 100 88 128 
34 39 103 196 
35 82 118 156 
36 62 119 92 
37 80 136 137 
38 94 105 175 
39 4 158 139 
40 100 179 162 
41 93 100 128 
42 95 56 120 
43 8 80 121 
44 7 104 165 
45 90 113 185 
46 84 140 164 
47 10 117 135 
48 13 179 183 
49 63 58 140 
50 3 139 190 
51 86 103 115 
52 96 136 50 
53 74 169 178 
54 50 187 131 
55 78 72 194 
56 37 58 99 
57 4 128 81 
58 49 167 121 
59 72 106 105 
60 2 79 114 
61 10 120 133 
62 33 162 194 
63 90 189 81 
64 29 83 78 
65 80 78 67 
66 55 157 132 
67 47 54 107 
68 12 152 174 
69 38 134 117 
70 78 184 69 
71 75 84 64 
72 11 120 185 
73 5 172 116 
74 50 176 189 
75 69 114 187 
76 20 170 96 
77 35 126 97 
78 5 117 123 
79 99 176 160 
80 43 85 88 
81 65 129 143 
82 90 191 157 
83 53 53 164 
84 72 150 96 
85 4 64 88 
86 20 180 173 
87 45 179 134 
88 72 97 104 
89 60 165 116 
90 28 67 105 
91 16 138 52 
92 68 159 143 
93 56 114 159 
94 27 188 85 
95 26 162 103 
96 83 170 148 
97 90 96 51 
98 58 173 148 
99 39 85 70 
