1000 1000 
0 30 448 602 
1 72 391 555 
2 4 537 279 
3 88 221 706 
4 54 775 571 
5 64 733 606 
6 90 629 545 
7 26 595 321 
8 94 365 668 
9 28 472 718 
10 72 449 406 
11 49 631 465 
12 54 349 627 
13 19 339 226 
14 28 332 597 
15 61 262 271 
16 84 263 382 
17 23 668 464 
18 67 210 249 
19 53 223 272 
20 54 439 666 
21 16 793 563 
22 9 217 497 
23 54 245 603 
24 77 211 612 
25 80 247 458 
26 68 686 275 
27 39 264 395 
28 25 311 753 
29 74 563 282 
30 14 351 514 
31 53 411 783 
32 35 474 623 
33 100 474 367 
34 39 545 549 
35 82 420 700 
36 62 632 556 
37 80 715 649 
38 94 401 512 
39 4 225 480 
40 100 319 484 
41 93 417 659 
42 95 453 738 
43 8 559 655 
44 7 468 541 
45 90 715 732 
46 84 233 560 
47 10 555 758 
48 13 413 461 
49 63 543 200 
