150 150 
0 30 21 89 
1 72 21 95 
2 4 22 91 
3 88 22 92 
4 54 22 95 
5 64 23 88 
6 90 23 91 
7 26 23 95 
8 94 24 89 
9 28 24 91 
10 72 26 88 
11 49 26 90 
12 54 28 83 
13 19 28 84 
14 28 28 85 
15 61 29 84 
16 84 32 87 
17 23 35 76 
18 67 35 84 
19 53 36 78 
20 54 37 74 
21 16 38 72 
22 9 38 73 
23 54 38 78 
24 77 39 73 
25 80 40 75 
26 68 40 77 
27 39 42 75 
28 25 43 68 
29 74 45 65 
30 14 45 68 
31 53 45 70 
32 35 47 68 
33 100 48 66 
34 39 48 71 
35 82 49 68 
36 62 49 69 
37 80 50 63 
38 94 52 65 
39 4 53 60 
40 100 53 63 
41 93 54 63 
42 95 54 64 
43 8 54 65 
44 7 56 58 
45 90 56 59 
46 84 56 62 
47 10 57 55 
48 13 57 58 
49 63 57 60 
50 3 57 62 
51 86 61 52 
52 96 62 50 
53 74 62 54 
54 50 65 46 
55 78 65 49 
56 37 66 44 
57 4 66 49 
58 49 67 43 
59 72 67 52 
60 2 68 43 
61 10 68 49 
62 33 73 39 
63 90 73 40 
64 29 74 44 
65 80 77 37 
66 55 77 38 
67 47 78 37 
68 12 78 38 
69 38 80 33 
70 78 80 39 
71 75 81 32 
72 11 81 33 
73 5 82 32 
74 50 83 35 
75 69 84 29 
76 20 84 32 
77 35 85 26 
78 5 85 29 
79 99 86 30 
80 43 87 30 
81 65 87 32 
82 90 89 26 
83 53 89 28 
84 72 89 29 
85 4 91 20 
86 20 91 25 
87 45 93 19 
88 72 93 22 
89 60 94 18 
90 28 95 22 
91 16 97 18 
92 68 97 19 
93 56 99 17 
