1000 1000 
0 30 82 62 
1 72 157 178 
2 4 58 160 
3 88 69 94 
4 54 72 112 
5 64 151 98 
6 90 139 134 
7 26 70 55 
8 94 176 194 
9 28 143 183 
10 72 151 157 
11 49 136 149 
12 54 80 91 
13 19 167 118 
14 28 180 112 
15 61 102 158 
16 84 116 87 
17 23 157 85 
18 67 57 83 
19 53 149 66 
20 54 68 66 
21 16 95 167 
22 9 116 53 
23 54 62 56 
24 77 68 110 
25 80 166 198 
26 68 141 54 
27 39 124 61 
28 25 151 53 
29 74 153 62 
30 14 114 172 
31 53 69 66 
32 35 99 78 
33 100 188 141 
34 39 70 88 
35 82 128 103 
36 62 196 118 
37 80 156 119 
38 94 92 136 
39 4 137 105 
40 100 175 158 
41 93 139 179 
42 95 162 100 
43 8 128 56 
44 7 120 80 
45 90 121 104 
46 84 165 113 
47 10 185 140 
48 13 164 117 
49 63 135 179 
50 3 183 58 
51 86 140 139 
52 96 190 103 
53 74 115 136 
54 50 50 169 
55 78 178 187 
56 37 131 72 
57 4 194 58 
58 49 99 128 
59 72 81 167 
60 2 121 106 
61 10 105 79 
62 33 114 120 
63 90 133 162 
64 29 194 189 
65 80 81 83 
66 55 78 78 
67 47 67 157 
68 12 132 54 
69 38 107 152 
70 78 174 134 
71 75 117 184 
72 11 69 84 
73 5 64 120 
74 50 185 172 
75 69 116 176 
76 20 189 114 
77 35 187 170 
78 5 96 126 
79 99 97 117 
80 43 123 176 
81 65 160 85 
82 90 88 129 
83 53 143 191 
84 72 157 53 
85 4 164 150 
86 20 96 64 
87 45 88 180 
88 72 173 179 
89 60 134 97 
90 28 104 165 
91 16 116 67 
92 68 105 138 
93 56 52 159 
94 27 143 114 
95 26 159 188 
96 83 85 162 
97 90 103 170 
98 58 148 96 
99 39 51 173 
100 70 148 85 
101 50 70 164 
102 5 101 194 
103 15 126 158 
104 20 76 90 
105 39 85 73 
106 96 187 90 
107 43 165 175 
108 3 153 110 
109 46 183 180 
110 58 189 118 
111 92 154 157 
112 33 112 130 
113 90 146 71 
114 45 89 62 
115 86 125 88 
116 42 187 182 
117 77 108 126 
118 64 72 55 
119 4 162 152 
120 98 61 199 
121 65 102 181 
122 89 70 130 
123 74 97 131 
124 68 67 165 
125 29 62 118 
126 70 67 71 
127 96 115 158 
128 85 138 114 
129 12 121 170 
130 73 96 160 
131 77 148 119 
132 32 108 128 
133 59 162 171 
134 41 91 132 
135 51 180 94 
136 33 161 191 
137 100 118 155 
138 9 185 69 
139 87 94 69 
140 63 79 186 
141 43 124 54 
142 82 111 106 
143 69 124 76 
144 62 146 196 
145 64 61 151 
146 27 102 124 
147 95 103 198 
148 88 95 56 
149 98 164 182 
150 56 143 58 
151 87 63 119 
152 5 160 98 
153 46 116 77 
154 66 115 191 
155 94 90 173 
156 18 174 105 
157 47 101 122 
158 74 103 106 
159 70 165 142 
160 7 170 61 
161 97 51 199 
162 35 90 187 
163 17 173 159 
164 83 81 150 
165 16 99 91 
166 11 110 116 
167 64 196 110 
168 29 192 154 
169 82 130 82 
170 60 95 78 
171 47 68 75 
172 89 84 57 
173 66 77 55 
174 48 178 155 
175 12 122 190 
176 60 143 192 
177 44 72 94 
178 8 94 182 
179 75 142 186 
180 11 200 192 
181 24 150 182 
182 22 76 190 
183 16 111 149 
184 5 139 192 
185 77 93 52 
186 43 106 114 
187 16 62 60 
188 76 194 74 
189 26 185 88 
190 40 69 87 
191 69 78 103 
192 72 197 71 
193 28 159 123 
194 27 197 142 
195 16 144 62 
196 54 183 167 
197 16 99 189 
198 21 174 63 
199 51 141 70 
