787 938 
0 30 188 143 
1 72 224 301 
2 4 195 278 
3 88 269 139 
4 54 110 353 
5 64 388 285 
6 90 367 303 
7 26 314 272 
8 94 297 160 
9 28 182 334 
10 72 236 359 
11 49 225 203 
12 54 315 232 
13 19 175 313 
14 28 169 113 
15 61 166 298 
16 84 131 135 
17 23 132 191 
18 67 334 232 
19 53 105 125 
20 54 111 136 
21 16 220 333 
22 9 396 281 
23 54 109 249 
24 77 123 301 
25 80 105 306 
26 68 123 229 
27 39 343 137 
28 25 132 198 
29 74 156 377 
30 14 281 141 
31 53 176 257 
32 35 205 392 
33 100 237 312 
34 39 237 184 
35 82 273 274 
36 62 210 350 
37 80 316 278 
38 94 357 325 
39 4 201 256 
40 100 112 240 
41 93 160 242 
42 95 209 330 
43 8 226 369 
44 7 279 327 
45 90 234 271 
46 84 358 366 
47 10 117 280 
48 13 277 379 
49 63 207 230 
