1000 1000 
0 30 716 851 
1 72 57 736 
2 4 126 294 
3 88 145 414 
4 54 671 319 
5 64 592 563 
6 90 132 36 
7 26 843 959 
8 94 618 889 
9 28 676 715 
10 72 575 658 
11 49 202 275 
12 54 780 453 
13 19 864 416 
14 28 344 718 
15 61 442 250 
16 84 712 232 
17 23 45 221 
18 67 661 105 
19 53 118 106 
20 54 304 780 
21 16 440 18 
22 9 83 39 
23 54 121 399 
24 77 776 988 
25 80 605 30 
26 68 496 76 
27 39 671 19 
28 25 686 79 
29 74 430 811 
30 14 125 107 
31 53 326 186 
32 35 922 605 
33 100 137 253 
34 39 524 352 
35 82 972 457 
36 62 706 457 
37 80 280 576 
38 94 582 367 
39 4 834 720 
40 100 594 858 
41 93 749 336 
42 95 521 42 
43 8 467 199 
44 7 474 363 
45 90 766 422 
46 84 898 598 
47 10 758 448 
48 13 569 859 
49 63 887 56 
