1000 1000 
0 30 31 79 
1 72 89 29 
2 4 80 34 
3 88 47 36 
4 54 56 75 
5 64 49 69 
6 90 67 35 
7 26 28 88 
8 94 97 71 
9 28 92 76 
10 72 79 68 
11 49 74 40 
12 54 46 83 
13 19 59 90 
14 28 56 51 
15 61 79 58 
16 84 44 78 
17 23 42 28 
18 67 41 75 
19 53 33 34 
20 54 33 48 
21 16 84 58 
22 9 26 31 
23 54 28 34 
24 77 55 83 
25 80 99 70 
26 68 27 62 
27 39 31 75 
28 25 26 76 
29 74 31 57 
30 14 86 34 
31 53 33 49 
32 35 39 94 
33 100 70 35 
34 39 44 64 
35 82 51 98 
36 62 59 78 
37 80 59 46 
38 94 68 69 
39 4 52 88 
40 100 79 70 
41 93 89 81 
42 95 50 64 
43 8 28 60 
44 7 40 61 
45 90 52 82 
46 84 57 92 
47 10 70 82 
48 13 59 68 
49 63 89 92 
