1000 1000 
0 30 126 294 
1 72 145 414 
2 4 671 319 
3 88 592 563 
4 54 132 36 
5 64 843 959 
6 90 618 889 
7 26 676 715 
8 94 575 658 
9 28 202 275 
10 72 780 453 
11 49 864 416 
12 54 344 718 
13 19 442 250 
14 28 712 232 
15 61 45 221 
16 84 661 105 
17 23 118 106 
18 67 304 780 
19 53 440 18 
20 54 83 39 
21 16 121 399 
22 9 776 988 
23 54 605 30 
24 77 496 76 
25 80 671 19 
26 68 686 79 
27 39 430 811 
28 25 125 107 
29 74 326 186 
30 14 922 605 
31 53 137 253 
32 35 524 352 
33 100 972 457 
34 39 706 457 
35 82 280 576 
36 62 582 367 
37 80 834 720 
38 94 594 858 
39 4 749 336 
40 100 521 42 
41 93 467 199 
42 95 474 363 
43 8 766 422 
44 7 898 598 
45 90 758 448 
46 84 569 859 
47 10 887 56 
48 13 600 591 
49 63 931 356 
