1000 1000 
0 30 25 84 
1 72 26 79 
2 4 26 87 
3 88 28 41 
4 54 31 28 
5 64 32 60 
6 90 34 33 
7 26 34 47 
8 94 34 55 
9 28 34 78 
10 72 35 28 
11 49 35 42 
12 54 35 44 
13 19 35 82 
14 28 36 56 
15 61 39 39 
16 84 40 46 
17 23 40 83 
18 67 41 41 
19 53 42 81 
20 54 44 65 
21 16 44 90 
22 9 46 68 
23 54 48 32 
24 77 48 59 
25 80 48 63 
26 68 48 84 
27 39 49 39 
28 25 50 64 
29 74 51 79 
30 14 51 97 
31 53 52 40 
32 35 52 69 
33 100 52 82 
34 39 52 85 
35 82 53 76 
36 62 57 60 
37 80 57 86 
38 94 58 26 
39 4 58 34 
40 100 58 44 
41 93 58 68 
42 95 58 88 
43 8 58 92 
44 7 60 40 
45 90 61 52 
46 84 61 53 
47 10 62 31 
48 13 62 88 
49 63 64 28 
50 3 64 51 
51 86 66 27 
52 96 66 36 
53 74 66 81 
54 50 67 48 
55 78 68 74 
56 37 68 89 
57 4 69 52 
58 49 69 67 
59 72 70 27 
60 2 70 69 
61 10 70 89 
62 33 71 57 
63 90 71 92 
64 29 72 95 
65 80 74 42 
66 55 74 48 
67 47 75 26 
68 12 75 33 
69 38 75 49 
70 78 76 31 
71 75 76 79 
72 11 78 42 
73 5 78 59 
74 50 79 27 
75 69 80 43 
76 20 80 94 
77 35 81 50 
78 5 82 57 
79 99 82 59 
80 43 82 75 
81 65 83 59 
82 90 83 99 
83 53 87 67 
84 72 87 90 
85 4 88 79 
86 20 88 97 
87 45 89 93 
88 72 90 56 
89 60 92 29 
90 28 92 70 
91 16 93 86 
92 68 94 57 
93 56 94 70 
94 27 94 85 
95 26 95 52 
96 83 97 29 
97 90 97 94 
98 58 98 59 
