1000 1000 
0 30 62 157 
1 72 178 58 
2 4 160 69 
3 88 94 72 
4 54 112 151 
5 64 98 139 
6 90 134 70 
7 26 55 176 
8 94 194 143 
9 28 183 151 
10 72 157 136 
11 49 149 80 
12 54 91 167 
13 19 118 180 
14 28 112 102 
15 61 158 116 
16 84 87 157 
17 23 85 57 
18 67 83 149 
19 53 66 68 
20 54 66 95 
21 16 167 116 
22 9 53 62 
23 54 56 68 
24 77 110 166 
25 80 198 141 
26 68 54 124 
27 39 61 151 
28 25 53 153 
29 74 62 114 
30 14 172 69 
31 53 66 99 
32 35 78 188 
33 100 141 70 
34 39 88 128 
35 82 103 196 
36 62 118 156 
37 80 119 92 
38 94 136 137 
39 4 105 175 
40 100 158 139 
41 93 179 162 
42 95 100 128 
43 8 56 120 
44 7 80 121 
45 90 104 165 
46 84 113 185 
47 10 140 164 
48 13 117 135 
49 63 179 183 
