1000 1000 
0 30 287 448 
1 72 602 391 
2 4 555 537 
3 88 279 221 
4 54 706 775 
5 64 571 733 
6 90 606 629 
7 26 545 595 
8 94 321 365 
9 28 668 472 
10 72 718 449 
11 49 406 631 
12 54 465 349 
13 19 627 339 
14 28 226 332 
15 61 597 262 
16 84 271 263 
17 23 382 668 
18 67 464 210 
19 53 249 223 
20 54 272 439 
21 16 666 793 
22 9 563 217 
23 54 497 245 
24 77 603 211 
25 80 612 247 
26 68 458 686 
27 39 275 264 
28 25 395 311 
29 74 753 563 
30 14 282 351 
31 53 514 411 
32 35 783 474 
33 100 623 474 
34 39 367 545 
35 82 549 420 
36 62 700 632 
37 80 556 715 
38 94 649 401 
39 4 512 225 
40 100 480 319 
41 93 484 417 
42 95 659 453 
43 8 738 559 
44 7 655 468 
45 90 541 715 
46 84 732 233 
47 10 560 555 
48 13 758 413 
49 63 461 543 
50 3 200 676 
51 86 710 746 
52 96 524 287 
53 74 776 232 
54 50 397 514 
55 78 323 667 
56 37 486 423 
57 4 419 317 
58 49 457 481 
59 72 531 649 
60 2 776 755 
61 10 325 330 
62 33 312 310 
63 90 268 627 
64 29 529 215 
65 80 427 606 
66 55 695 535 
67 47 468 734 
68 12 277 338 
69 38 257 478 
70 78 741 689 
71 75 463 704 
72 11 754 456 
73 5 750 678 
74 50 383 505 
75 69 386 469 
76 20 494 703 
77 35 638 341 
78 5 353 516 
79 99 572 762 
80 43 628 212 
81 65 655 599 
82 90 386 257 
83 53 354 718 
84 72 692 717 
85 4 535 386 
86 20 414 660 
87 45 464 270 
88 72 418 551 
89 60 209 636 
90 28 571 458 
91 16 637 750 
92 68 340 647 
93 56 413 681 
94 27 591 385 
95 26 205 693 
96 83 590 338 
97 90 279 654 
98 58 405 774 
99 39 502 631 
100 70 303 359 
101 50 341 290 
102 5 749 359 
103 15 661 698 
104 20 611 441 
105 39 731 722 
106 96 755 473 
107 43 616 628 
108 3 448 520 
109 46 584 282 
110 58 357 249 
111 92 500 352 
112 33 747 727 
113 90 432 505 
114 45 287 220 
115 86 646 606 
116 42 242 796 
117 77 409 723 
118 64 280 521 
119 4 388 522 
120 98 266 661 
121 65 248 470 
122 89 268 283 
123 74 458 634 
124 68 552 455 
125 29 483 680 
126 70 385 642 
127 96 591 474 
128 85 434 511 
129 12 647 684 
130 73 364 529 
131 77 719 377 
132 32 644 762 
133 59 473 618 
134 41 739 278 
135 51 376 275 
136 33 317 743 
137 100 495 214 
138 9 443 423 
139 87 495 302 
140 63 585 785 
141 43 245 606 
142 82 409 497 
143 69 410 791 
144 62 382 223 
145 64 658 726 
146 27 571 233 
147 95 254 476 
148 88 641 391 
149 98 466 309 
150 56 461 764 
151 87 360 690 
152 5 696 420 
153 46 403 487 
154 66 414 425 
155 94 661 566 
156 18 680 245 
157 47 202 794 
158 74 362 747 
159 70 692 638 
160 7 326 599 
161 97 397 363 
162 35 439 465 
163 17 785 438 
164 83 767 615 
165 16 521 328 
166 11 378 312 
167 64 273 301 
168 29 338 226 
169 82 307 222 
170 60 713 622 
171 47 490 759 
172 89 571 766 
173 66 288 378 
174 48 377 727 
175 12 569 746 
176 60 799 769 
177 44 599 730 
178 8 303 760 
179 75 444 595 
180 11 556 767 
181 24 371 210 
182 22 424 456 
183 16 248 240 
184 5 775 294 
185 77 740 353 
186 43 275 348 
187 16 314 414 
188 76 790 284 
189 26 637 491 
190 40 787 568 
191 69 575 250 
192 72 734 669 
193 28 396 758 
194 27 696 251 
195 16 566 281 
196 54 340 382 
197 16 551 287 
198 21 733 529 
199 51 618 642 
