150 150 
0 30 20 26 
1 72 20 30 
2 4 21 26 
3 88 21 27 
4 54 24 18 
5 64 26 17 
6 90 26 25 
7 26 26 30 
8 94 26 36 
9 28 27 18 
10 72 27 26 
11 49 28 27 
12 54 29 21 
13 19 29 22 
14 28 29 33 
15 61 29 34 
16 84 30 21 
17 23 30 22 
18 67 30 23 
19 53 30 25 
20 54 30 28 
21 16 31 26 
22 9 31 32 
23 54 31 36 
24 77 32 23 
25 80 32 28 
26 68 32 30 
27 39 34 25 
28 25 34 29 
29 74 34 43 
30 14 35 29 
31 53 35 32 
32 35 36 31 
33 100 36 42 
34 39 36 44 
35 82 37 31 
36 62 37 40 
37 80 38 29 
38 94 39 32 
39 4 39 35 
40 100 39 44 
41 93 40 41 
42 95 41 33 
43 8 41 47 
44 7 41 48 
45 90 42 43 
46 84 42 44 
47 10 42 50 
48 13 43 33 
49 63 43 36 
50 3 44 35 
51 86 44 38 
52 96 44 44 
53 74 44 50 
54 50 44 52 
55 78 45 37 
56 37 45 44 
57 4 45 46 
58 49 45 50 
59 72 46 40 
60 2 46 41 
61 10 46 46 
62 33 46 55 
63 90 47 47 
64 29 47 51 
65 80 47 56 
66 55 48 45 
67 47 48 48 
68 12 48 54 
69 38 48 55 
70 78 48 58 
71 75 49 43 
72 11 49 51 
73 5 49 54 
74 50 50 49 
75 69 50 54 
76 20 51 51 
77 35 52 49 
78 5 52 51 
79 99 53 54 
80 43 53 56 
81 65 54 53 
82 90 54 58 
83 53 54 60 
84 72 55 45 
85 4 55 47 
86 20 55 49 
87 45 55 50 
88 72 55 56 
89 60 55 62 
90 28 55 64 
91 16 56 60 
92 68 56 64 
93 56 57 51 
94 27 58 55 
95 26 58 64 
96 83 59 49 
97 90 59 52 
98 58 59 66 
99 39 59 68 
100 70 60 52 
101 50 60 55 
102 5 60 64 
103 15 62 53 
104 20 62 59 
105 39 63 56 
106 96 63 57 
107 43 64 54 
108 3 64 69 
109 46 65 61 
110 58 66 63 
111 92 66 69 
112 33 66 73 
113 90 67 60 
114 45 67 65 
115 86 67 68 
116 42 67 74 
117 77 67 76 
118 64 68 59 
119 4 68 70 
120 98 69 60 
121 65 69 62 
122 89 69 68 
123 74 69 77 
124 68 69 78 
125 29 70 62 
126 70 70 79 
127 96 71 64 
128 85 71 81 
129 12 72 67 
130 73 72 68 
131 77 72 71 
132 32 73 65 
133 59 73 81 
134 41 74 64 
135 51 74 70 
136 33 74 78 
137 100 75 67 
138 9 75 73 
139 87 76 75 
140 63 76 80 
141 43 76 81 
142 82 77 67 
143 69 77 72 
144 62 78 73 
145 64 78 78 
146 27 78 86 
147 95 79 75 
148 88 79 83 
149 98 79 88 
150 56 80 77 
151 87 80 86 
152 5 81 79 
153 46 81 80 
154 66 81 84 
155 94 81 89 
156 18 82 81 
157 47 82 84 
158 74 82 89 
159 70 82 92 
160 7 84 75 
161 97 86 78 
162 35 86 83 
163 17 86 87 
164 83 86 91 
165 16 86 93 
166 11 87 91 
167 64 87 96 
168 29 88 92 
169 82 88 96 
170 60 89 85 
171 47 89 87 
172 89 91 82 
173 66 91 92 
174 48 91 97 
175 12 91 98 
176 60 92 85 
177 44 92 87 
178 8 92 94 
179 75 92 98 
180 11 93 88 
181 24 93 99 
182 22 93 101 
183 16 94 91 
184 5 94 93 
185 77 94 96 
186 43 96 100 
187 16 97 88 
188 76 97 90 
189 26 97 105 
190 40 98 96 
191 69 98 97 
192 72 98 100 
193 28 99 92 
194 27 100 109 
