150 150 
0 30 21 89 
1 72 21 92 
2 4 21 95 
3 88 22 91 
4 54 22 92 
5 64 22 95 
6 90 23 88 
7 26 23 91 
8 94 23 94 
9 28 23 95 
10 72 24 86 
11 49 24 89 
12 54 24 91 
13 19 25 94 
14 28 26 84 
15 61 26 88 
16 84 26 90 
17 23 27 88 
18 67 27 89 
19 53 27 90 
20 54 27 91 
21 16 28 83 
22 9 28 84 
23 54 28 85 
24 77 29 84 
25 80 30 81 
26 68 30 82 
27 39 31 81 
28 25 31 83 
29 74 31 86 
30 14 32 87 
31 53 33 79 
32 35 33 85 
33 100 34 80 
34 39 34 82 
35 82 35 76 
36 62 35 84 
37 80 36 78 
38 94 37 74 
39 4 37 75 
40 100 38 72 
41 93 38 73 
42 95 38 78 
43 8 39 73 
44 7 40 71 
45 90 40 75 
46 84 40 77 
47 10 40 79 
48 13 41 71 
49 63 41 76 
50 3 42 71 
51 86 42 75 
52 96 43 68 
53 74 44 68 
54 50 44 73 
55 78 45 65 
56 37 45 68 
57 4 45 69 
58 49 45 70 
59 72 47 68 
60 2 48 66 
61 10 48 71 
62 33 49 64 
63 90 49 68 
64 29 49 69 
65 80 49 70 
66 55 50 63 
67 47 50 64 
68 12 50 67 
69 38 52 65 
70 78 52 66 
71 75 52 67 
72 11 53 60 
73 5 53 63 
74 50 54 56 
75 69 54 60 
76 20 54 63 
77 35 54 64 
78 5 54 65 
79 99 55 64 
80 43 56 55 
81 65 56 58 
82 90 56 59 
83 53 56 60 
84 72 56 62 
85 4 57 55 
86 20 57 56 
87 45 57 58 
88 72 57 60 
89 60 57 62 
90 28 58 55 
91 16 59 60 
92 68 60 53 
93 56 61 50 
94 27 61 52 
95 26 61 56 
96 83 62 50 
97 90 62 54 
98 58 63 48 
99 39 63 50 
100 70 63 53 
101 50 64 54 
102 5 65 46 
103 15 65 49 
104 20 66 44 
105 39 66 49 
106 96 67 43 
107 43 67 52 
108 3 68 43 
109 46 68 49 
110 58 69 47 
111 92 69 48 
112 33 73 39 
113 90 73 40 
114 45 73 42 
115 86 74 36 
116 42 74 39 
117 77 74 44 
118 64 75 40 
119 4 76 38 
120 98 76 42 
121 65 77 34 
122 89 77 37 
123 74 77 38 
124 68 78 34 
125 29 78 37 
126 70 78 38 
127 96 79 32 
128 85 79 37 
129 12 80 33 
130 73 80 39 
131 77 81 29 
132 32 81 32 
133 59 81 33 
134 41 82 31 
135 51 82 32 
136 33 83 35 
137 100 84 29 
138 9 84 32 
139 87 85 26 
140 63 85 27 
141 43 85 29 
142 82 85 33 
143 69 86 30 
144 62 87 30 
145 64 87 32 
146 27 88 22 
147 95 89 26 
148 88 89 28 
149 98 89 29 
150 56 90 21 
151 87 90 23 
152 5 90 26 
153 46 90 29 
154 66 91 20 
155 94 91 25 
156 18 92 22 
157 47 93 19 
158 74 93 22 
159 70 93 25 
160 7 93 26 
161 97 94 18 
162 35 94 24 
163 17 95 17 
164 83 95 19 
165 16 95 21 
166 11 95 22 
167 64 96 15 
168 29 96 16 
169 82 96 20 
170 60 97 18 
171 47 97 19 
172 89 98 12 
173 66 99 13 
174 48 99 14 
175 12 99 17 
