150 150 
0 30 43 36 
1 72 53 56 
2 4 45 47 
3 88 65 58 
4 54 23 30 
5 64 97 99 
6 90 91 95 
7 26 77 78 
8 94 73 67 
9 28 42 48 
10 72 56 63 
11 49 53 50 
12 54 77 76 
13 19 40 44 
14 28 38 29 
15 61 38 41 
16 84 28 20 
17 23 28 24 
18 67 82 81 
19 53 21 13 
20 54 23 15 
21 16 52 58 
22 9 99 101 
23 54 22 22 
24 77 26 29 
25 80 21 25 
26 68 26 25 
27 39 85 77 
28 25 28 25 
29 74 35 43 
30 14 68 61 
31 53 40 40 
32 35 48 57 
33 100 57 61 
34 39 57 53 
35 82 66 68 
36 62 49 56 
37 80 78 80 
38 94 89 94 
39 4 47 47 
40 100 23 22 
41 93 36 35 
42 95 49 54 
43 8 54 62 
44 7 68 73 
45 90 56 57 
46 84 89 97 
47 10 24 26 
48 13 67 76 
49 63 48 47 
