150 150 
0 30 24 88 
1 72 24 93 
2 4 27 83 
3 88 29 82 
4 54 30 80 
5 64 30 81 
6 90 30 82 
7 26 30 83 
8 94 31 81 
9 28 32 82 
10 72 36 76 
11 49 37 73 
12 54 42 73 
13 19 44 73 
14 28 46 65 
15 61 47 70 
16 84 54 64 
17 23 55 55 
18 67 55 57 
19 53 57 54 
20 54 58 55 
21 16 60 50 
22 9 62 48 
23 54 62 51 
24 77 66 47 
25 80 66 50 
26 68 66 52 
27 39 67 48 
28 25 67 51 
29 74 68 42 
30 14 69 49 
31 53 73 38 
32 35 74 36 
33 100 74 39 
34 39 74 43 
35 82 75 35 
36 62 76 38 
37 80 77 35 
38 94 77 41 
39 4 80 33 
40 100 81 33 
41 93 82 32 
42 95 82 37 
43 8 87 30 
44 7 87 32 
45 90 89 25 
46 84 92 23 
47 10 94 22 
48 13 98 16 
