1000 1000 
0 30 250 630 
1 72 710 234 
2 4 641 275 
3 88 376 287 
4 54 448 602 
5 64 391 555 
6 90 537 279 
7 26 221 706 
8 94 775 571 
9 28 733 606 
10 72 629 545 
11 49 595 321 
12 54 365 668 
13 19 472 718 
14 28 449 406 
15 61 631 465 
16 84 349 627 
17 23 339 226 
18 67 332 597 
19 53 262 271 
20 54 263 382 
21 16 668 464 
22 9 210 249 
23 54 223 272 
24 77 439 666 
25 80 793 563 
26 68 217 497 
27 39 245 603 
28 25 211 612 
29 74 247 458 
30 14 686 275 
31 53 264 395 
32 35 311 753 
33 100 563 282 
34 39 351 514 
35 82 411 783 
36 62 474 623 
37 80 474 367 
38 94 545 549 
39 4 420 700 
40 100 632 556 
41 93 715 649 
42 95 401 512 
43 8 225 480 
44 7 319 484 
45 90 417 659 
46 84 453 738 
47 10 559 655 
48 13 468 541 
49 63 715 732 
