150 150 
0 30 27 77 
1 72 88 24 
2 4 79 30 
3 88 43 32 
4 54 53 74 
5 64 45 67 
6 90 65 30 
7 26 23 87 
8 94 97 69 
9 28 91 74 
10 72 77 66 
11 49 73 36 
12 54 42 82 
13 19 56 89 
14 28 53 47 
15 61 77 55 
16 84 40 77 
17 23 38 24 
18 67 38 73 
19 53 28 29 
20 54 28 44 
21 16 82 55 
22 9 21 27 
23 54 23 30 
24 77 52 82 
25 80 99 68 
26 68 22 60 
27 39 26 74 
28 25 21 75 
29 74 26 54 
30 14 85 30 
31 53 28 46 
32 35 35 94 
33 100 68 31 
34 39 40 62 
35 82 48 98 
36 62 57 76 
37 80 57 42 
38 94 66 66 
39 4 49 87 
40 100 78 67 
41 93 89 80 
42 95 47 62 
43 8 23 57 
44 7 36 58 
45 90 49 81 
46 84 54 92 
47 10 68 81 
48 13 56 66 
49 63 89 91 
