150 150 
0 30 24 79 
1 72 30 43 
2 4 32 53 
3 88 74 45 
4 54 67 65 
5 64 30 23 
6 90 87 97 
7 26 69 91 
8 94 74 77 
9 28 66 73 
10 72 36 42 
11 49 82 56 
12 54 89 53 
13 19 47 77 
14 28 55 40 
15 61 77 38 
16 84 24 38 
17 23 73 28 
18 67 29 28 
19 53 44 82 
20 54 55 21 
21 16 27 23 
22 9 30 52 
23 54 82 99 
24 77 68 22 
25 80 60 26 
26 68 74 21 
27 39 75 26 
28 25 54 85 
29 74 30 28 
30 14 46 35 
31 53 94 68 
32 35 31 40 
33 100 62 48 
34 39 98 57 
35 82 76 57 
36 62 42 66 
37 80 66 49 
38 94 87 78 
39 4 67 89 
40 100 80 47 
41 93 62 23 
42 95 57 36 
43 8 58 49 
44 7 81 54 
45 90 92 68 
46 84 81 56 
47 10 66 89 
48 13 91 24 
49 63 68 67 
50 3 94 48 
51 86 55 66 
52 96 20 83 
53 74 88 93 
54 50 63 32 
55 78 97 24 
56 37 46 62 
57 4 36 82 
58 49 58 50 
59 72 49 36 
60 2 54 57 
61 10 64 80 
62 33 97 94 
63 90 37 37 
64 29 35 35 
65 80 29 77 
66 55 64 22 
67 47 50 74 
68 12 86 65 
69 38 56 91 
70 78 30 38 
71 75 28 57 
72 11 92 85 
73 5 55 87 
74 50 94 54 
75 69 93 84 
76 20 44 61 
77 35 45 56 
78 5 59 87 
79 99 78 39 
80 43 40 62 
81 65 70 95 
82 90 77 22 
83 53 81 73 
84 72 45 28 
85 4 41 89 
86 20 86 89 
87 45 65 45 
88 72 49 81 
89 60 55 29 
90 28 49 67 
91 16 21 78 
92 68 69 54 
93 56 78 93 
94 27 39 80 
95 26 48 84 
96 83 72 45 
97 90 21 86 
98 58 72 38 
99 39 31 81 
