1000 1000 
0 30 716 851 
1 72 57 736 
2 4 126 294 
3 88 145 414 
4 54 671 319 
5 64 592 563 
6 90 132 36 
7 26 843 959 
8 94 618 889 
9 28 676 715 
10 72 575 658 
11 49 202 275 
12 54 780 453 
13 19 864 416 
14 28 344 718 
15 61 442 250 
16 84 712 232 
17 23 45 221 
18 67 661 105 
19 53 118 106 
20 54 304 780 
21 16 440 18 
22 9 83 39 
23 54 121 399 
24 77 776 988 
25 80 605 30 
26 68 496 76 
27 39 671 19 
28 25 686 79 
29 74 430 811 
30 14 125 107 
31 53 326 186 
32 35 922 605 
33 100 137 253 
34 39 524 352 
35 82 972 457 
36 62 706 457 
37 80 280 576 
38 94 582 367 
39 4 834 720 
40 100 594 858 
41 93 749 336 
42 95 521 42 
43 8 467 199 
44 7 474 363 
45 90 766 422 
46 84 898 598 
47 10 758 448 
48 13 569 859 
49 63 887 56 
50 3 600 591 
51 86 931 356 
52 96 435 571 
53 74 2 793 
54 50 851 910 
55 78 541 146 
56 37 959 54 
57 4 330 524 
58 49 206 778 
59 72 477 372 
60 2 366 195 
61 10 428 469 
62 33 553 749 
63 90 961 924 
64 29 210 218 
65 80 187 185 
66 55 115 713 
67 47 549 26 
68 12 379 678 
69 38 826 559 
70 78 447 891 
71 75 130 230 
72 11 96 464 
73 5 902 815 
74 50 438 840 
75 69 924 427 
76 20 917 798 
77 35 305 509 
78 5 311 448 
79 99 490 838 
80 43 731 236 
81 65 256 528 
82 90 621 937 
83 53 714 21 
84 72 759 666 
85 4 311 96 
86 20 257 864 
87 45 821 862 
88 72 558 311 
89 60 358 766 
90 28 441 117 
91 16 364 585 
92 68 17 726 
93 56 619 430 
94 27 728 917 
95 26 234 745 
96 83 356 801 
97 90 651 309 
98 58 9 822 
99 39 651 231 
100 70 133 757 
101 50 343 957 
102 5 504 719 
103 15 172 265 
104 20 235 151 
105 39 915 266 
106 96 769 831 
107 43 685 403 
108 3 885 870 
109 46 925 455 
110 58 694 713 
111 92 414 533 
112 33 640 138 
113 90 262 82 
114 45 501 255 
115 86 913 878 
116 42 387 509 
117 77 146 35 
118 64 744 677 
119 4 71 993 
120 98 349 872 
121 65 134 535 
122 89 313 537 
123 74 111 768 
124 68 82 451 
125 29 114 140 
126 70 431 723 
127 96 587 425 
128 85 473 799 
129 12 309 736 
130 73 652 458 
131 77 390 518 
132 32 745 808 
133 59 275 548 
134 41 865 295 
135 51 740 937 
136 33 456 697 
137 100 899 131 
138 9 294 126 
139 87 195 904 
140 63 491 25 
141 43 406 372 
142 82 493 171 
143 69 642 975 
144 62 76 676 
145 64 349 495 
146 27 351 986 
147 95 304 40 
148 88 763 877 
149 98 618 55 
150 56 91 461 
151 87 736 318 
152 5 444 182 
153 46 435 940 
154 66 267 817 
155 94 827 367 
156 18 339 479 
157 47 357 375 
158 74 769 610 
159 70 800 76 
160 7 5 990 
161 97 270 912 
162 35 820 730 
163 17 211 665 
164 83 329 273 
165 16 399 443 
166 11 974 397 
167 64 946 691 
168 29 535 214 
169 82 298 188 
170 60 122 169 
171 47 231 44 
172 89 179 38 
173 66 855 703 
174 48 484 932 
175 12 618 944 
176 60 148 297 
177 44 295 878 
178 8 616 910 
179 75 998 949 
180 11 665 883 
181 24 172 934 
182 22 407 659 
183 16 593 946 
184 5 287 18 
185 77 375 428 
186 43 81 68 
187 16 959 158 
188 76 900 255 
189 26 126 247 
190 40 190 357 
191 69 983 140 
192 72 728 485 
193 28 979 614 
194 27 626 84 
195 16 890 781 
196 54 327 930 
197 16 826 86 
198 21 610 137 
199 51 234 305 
