1000 1000 
0 30 157 178 
1 72 58 160 
2 4 69 94 
3 88 72 112 
4 54 151 98 
5 64 139 134 
6 90 70 55 
7 26 176 194 
8 94 143 183 
9 28 151 157 
10 72 136 149 
11 49 80 91 
12 54 167 118 
13 19 180 112 
14 28 102 158 
15 61 116 87 
16 84 157 85 
17 23 57 83 
18 67 149 66 
19 53 68 66 
20 54 95 167 
21 16 116 53 
22 9 62 56 
23 54 68 110 
24 77 166 198 
25 80 141 54 
26 68 124 61 
27 39 151 53 
28 25 153 62 
29 74 114 172 
30 14 69 66 
31 53 99 78 
32 35 188 141 
33 100 70 88 
34 39 128 103 
35 82 196 118 
36 62 156 119 
37 80 92 136 
38 94 137 105 
39 4 175 158 
40 100 139 179 
41 93 162 100 
42 95 128 56 
43 8 120 80 
44 7 121 104 
45 90 165 113 
46 84 185 140 
47 10 164 117 
48 13 135 179 
49 63 183 58 
50 3 140 139 
51 86 190 103 
52 96 115 136 
53 74 50 169 
54 50 178 187 
55 78 131 72 
56 37 194 58 
57 4 99 128 
58 49 81 167 
59 72 121 106 
60 2 105 79 
61 10 114 120 
62 33 133 162 
63 90 194 189 
64 29 81 83 
65 80 78 78 
66 55 67 157 
67 47 132 54 
68 12 107 152 
69 38 174 134 
70 78 117 184 
71 75 69 84 
72 11 64 120 
73 5 185 172 
74 50 116 176 
75 69 189 114 
76 20 187 170 
77 35 96 126 
78 5 97 117 
79 99 123 176 
80 43 160 85 
81 65 88 129 
82 90 143 191 
83 53 157 53 
84 72 164 150 
85 4 96 64 
86 20 88 180 
87 45 173 179 
88 72 134 97 
89 60 104 165 
90 28 116 67 
91 16 105 138 
92 68 52 159 
93 56 143 114 
94 27 159 188 
95 26 85 162 
96 83 103 170 
97 90 148 96 
98 58 51 173 
99 39 148 85 
