150 150 
0 30 77 84 
1 72 24 29 
2 4 30 26 
3 88 32 30 
4 54 74 70 
5 64 67 68 
6 90 30 21 
7 26 87 96 
8 94 69 77 
9 28 74 78 
10 72 66 69 
11 49 36 31 
12 54 82 81 
13 19 89 87 
14 28 47 51 
15 61 55 50 
16 84 77 72 
17 23 24 18 
18 67 73 65 
19 53 29 21 
20 54 44 50 
21 16 55 45 
22 9 27 18 
23 54 30 28 
24 77 82 92 
25 80 68 59 
26 68 60 52 
27 39 74 64 
28 25 75 67 
29 74 54 60 
30 14 30 22 
31 53 46 40 
32 35 94 96 
33 100 31 26 
34 39 62 59 
35 82 98 97 
36 62 76 75 
37 80 42 44 
38 94 66 63 
39 4 87 91 
40 100 67 74 
41 93 80 77 
42 95 62 53 
43 8 57 51 
44 7 58 55 
45 90 81 79 
46 84 92 94 
47 10 81 80 
48 13 66 73 
49 63 91 82 
