1000 1000 
0 30 47 36 
1 72 56 75 
2 4 49 69 
3 88 67 35 
4 54 28 88 
5 64 97 71 
6 90 92 76 
7 26 79 68 
8 94 74 40 
9 28 46 83 
10 72 59 90 
11 49 56 51 
12 54 79 58 
13 19 44 78 
14 28 42 28 
15 61 41 75 
16 84 33 34 
17 23 33 48 
18 67 84 58 
19 53 26 31 
20 54 28 34 
21 16 55 83 
22 9 99 70 
23 54 27 62 
24 77 31 75 
25 80 26 76 
26 68 31 57 
27 39 86 34 
28 25 33 49 
29 74 39 94 
30 14 70 35 
31 53 44 64 
32 35 51 98 
33 100 59 78 
34 39 59 46 
35 82 68 69 
36 62 52 88 
37 80 79 70 
38 94 89 81 
39 4 50 64 
40 100 28 60 
41 93 40 61 
42 95 52 82 
43 8 57 92 
44 7 70 82 
45 90 59 68 
46 84 89 92 
47 10 29 70 
48 13 69 95 
49 63 52 58 
50 3 68 25 
51 86 84 89 
52 96 93 66 
53 74 36 97 
54 50 29 50 
55 78 64 40 
56 37 83 61 
57 4 53 52 
58 49 40 57 
59 72 60 66 
60 2 81 97 
61 10 94 41 
62 33 41 39 
63 90 39 34 
64 29 78 66 
65 80 27 53 
66 55 76 87 
67 47 67 58 
68 12 92 35 
69 38 42 32 
70 78 60 93 
71 75 86 58 
72 11 88 94 
73 5 57 94 
74 50 85 48 
75 69 63 48 
76 20 59 62 
77 35 88 80 
78 5 43 44 
79 99 65 72 
80 43 95 79 
81 65 27 82 
82 90 75 48 
83 53 32 44 
84 72 90 87 
85 4 90 67 
86 20 48 52 
87 45 82 58 
88 72 34 52 
89 60 69 26 
90 28 79 71 
91 16 57 80 
92 68 94 42 
93 56 81 52 
94 27 85 74 
95 26 48 26 
96 83 87 74 
97 90 42 35 
98 58 82 51 
99 39 97 63 
