1000 1000 
0 30 287 448 
1 72 602 391 
2 4 555 537 
3 88 279 221 
4 54 706 775 
5 64 571 733 
6 90 606 629 
7 26 545 595 
8 94 321 365 
9 28 668 472 
10 72 718 449 
11 49 406 631 
12 54 465 349 
13 19 627 339 
14 28 226 332 
15 61 597 262 
16 84 271 263 
17 23 382 668 
18 67 464 210 
19 53 249 223 
20 54 272 439 
21 16 666 793 
22 9 563 217 
23 54 497 245 
24 77 603 211 
25 80 612 247 
26 68 458 686 
27 39 275 264 
28 25 395 311 
29 74 753 563 
30 14 282 351 
31 53 514 411 
32 35 783 474 
33 100 623 474 
34 39 367 545 
35 82 549 420 
36 62 700 632 
37 80 556 715 
38 94 649 401 
39 4 512 225 
40 100 480 319 
41 93 484 417 
42 95 659 453 
43 8 738 559 
44 7 655 468 
45 90 541 715 
46 84 732 233 
47 10 560 555 
48 13 758 413 
49 63 461 543 
50 3 200 676 
51 86 710 746 
52 96 524 287 
53 74 776 232 
54 50 397 514 
55 78 323 667 
56 37 486 423 
57 4 419 317 
58 49 457 481 
59 72 531 649 
60 2 776 755 
61 10 325 330 
62 33 312 310 
63 90 268 627 
64 29 529 215 
65 80 427 606 
66 55 695 535 
67 47 468 734 
68 12 277 338 
69 38 257 478 
70 78 741 689 
71 75 463 704 
72 11 754 456 
73 5 750 678 
74 50 383 505 
75 69 386 469 
76 20 494 703 
77 35 638 341 
78 5 353 516 
79 99 572 762 
80 43 628 212 
81 65 655 599 
82 90 386 257 
83 53 354 718 
84 72 692 717 
85 4 535 386 
86 20 414 660 
87 45 464 270 
88 72 418 551 
89 60 209 636 
90 28 571 458 
91 16 637 750 
92 68 340 647 
93 56 413 681 
94 27 591 385 
95 26 205 693 
96 83 590 338 
97 90 279 654 
98 58 405 774 
99 39 502 631 
