150 150 
0 30 21 89 
1 72 21 95 
2 4 22 91 
3 88 22 92 
4 54 22 95 
5 64 23 88 
6 90 23 91 
7 26 23 95 
8 94 24 89 
9 28 24 91 
10 72 26 88 
11 49 26 90 
12 54 28 83 
13 19 28 84 
14 28 28 85 
15 61 29 84 
16 84 32 87 
17 23 35 76 
18 67 35 84 
19 53 36 78 
20 54 37 74 
21 16 38 72 
22 9 38 73 
23 54 38 78 
24 77 39 73 
25 80 40 75 
26 68 40 77 
27 39 42 75 
28 25 45 65 
29 74 45 68 
30 14 45 70 
31 53 47 68 
32 35 48 66 
33 100 48 71 
34 39 49 68 
35 82 49 69 
36 62 50 63 
37 80 52 65 
38 94 53 60 
39 4 53 63 
40 100 54 63 
41 93 54 64 
42 95 54 65 
43 8 56 58 
44 7 56 59 
45 90 56 62 
46 84 57 55 
47 10 57 58 
48 13 57 60 
49 63 57 62 
50 3 61 52 
51 86 62 50 
52 96 62 54 
53 74 65 46 
54 50 65 49 
55 78 66 44 
56 37 66 49 
57 4 67 43 
58 49 67 52 
59 72 68 43 
60 2 68 49 
61 10 73 39 
62 33 73 40 
63 90 74 44 
64 29 77 34 
65 80 77 37 
66 55 77 38 
67 47 78 37 
68 12 78 38 
69 38 80 33 
70 78 80 39 
71 75 81 32 
72 11 81 33 
73 5 82 32 
74 50 83 35 
75 69 84 29 
76 20 84 32 
77 35 85 26 
78 5 85 29 
79 99 86 30 
80 43 87 30 
81 65 87 32 
82 90 89 26 
83 53 89 28 
84 72 89 29 
85 4 91 20 
86 20 91 25 
87 45 93 19 
88 72 93 22 
89 60 94 18 
90 28 95 22 
91 16 97 18 
92 68 97 19 
93 56 99 17 
