1000 1000 
0 30 736 126 
1 72 294 145 
2 4 414 671 
3 88 319 592 
4 54 563 132 
5 64 36 843 
6 90 959 618 
7 26 889 676 
8 94 715 575 
9 28 658 202 
10 72 275 780 
11 49 453 864 
12 54 416 344 
13 19 718 442 
14 28 250 712 
15 61 232 45 
16 84 221 661 
17 23 105 118 
18 67 106 304 
19 53 780 440 
20 54 18 83 
21 16 39 121 
22 9 399 776 
23 54 988 605 
24 77 30 496 
25 80 76 671 
26 68 19 686 
27 39 79 430 
28 25 811 125 
29 74 107 326 
30 14 186 922 
31 53 605 137 
32 35 253 524 
33 100 352 972 
34 39 457 706 
35 82 457 280 
36 62 576 582 
37 80 367 834 
38 94 720 594 
39 4 858 749 
40 100 336 521 
41 93 42 467 
42 95 199 474 
43 8 363 766 
44 7 422 898 
45 90 598 758 
46 84 448 569 
47 10 859 887 
48 13 56 600 
49 63 591 931 
50 3 356 435 
51 86 571 2 
52 96 793 851 
53 74 910 541 
54 50 146 959 
55 78 54 330 
56 37 524 206 
57 4 778 477 
58 49 372 366 
59 72 195 428 
60 2 469 553 
61 10 749 961 
62 33 924 210 
63 90 218 187 
64 29 185 115 
65 80 713 549 
66 55 26 379 
67 47 678 826 
68 12 559 447 
69 38 891 130 
70 78 230 96 
71 75 464 902 
72 11 815 438 
73 5 840 924 
74 50 427 917 
75 69 798 305 
76 20 509 311 
77 35 448 490 
78 5 838 731 
79 99 236 256 
80 43 528 621 
81 65 937 714 
82 90 21 759 
83 53 666 311 
84 72 96 257 
85 4 864 821 
86 20 862 558 
87 45 311 358 
88 72 766 441 
89 60 117 364 
90 28 585 17 
91 16 726 619 
92 68 430 728 
93 56 917 234 
94 27 745 356 
95 26 801 651 
96 83 309 9 
97 90 822 651 
98 58 231 133 
99 39 757 343 
