1000 1000 
0 30 275 376 
1 72 287 448 
2 4 602 391 
3 88 555 537 
4 54 279 221 
5 64 706 775 
6 90 571 733 
7 26 606 629 
8 94 545 595 
9 28 321 365 
10 72 668 472 
11 49 718 449 
12 54 406 631 
13 19 465 349 
14 28 627 339 
15 61 226 332 
16 84 597 262 
17 23 271 263 
18 67 382 668 
19 53 464 210 
20 54 249 223 
21 16 272 439 
22 9 666 793 
23 54 563 217 
24 77 497 245 
25 80 603 211 
26 68 612 247 
27 39 458 686 
28 25 275 264 
29 74 395 311 
30 14 753 563 
31 53 282 351 
32 35 514 411 
33 100 783 474 
34 39 623 474 
35 82 367 545 
36 62 549 420 
37 80 700 632 
38 94 556 715 
39 4 649 401 
40 100 512 225 
41 93 480 319 
42 95 484 417 
43 8 659 453 
44 7 738 559 
45 90 655 468 
46 84 541 715 
47 10 732 233 
48 13 560 555 
49 63 758 413 
50 3 461 543 
51 86 200 676 
52 96 710 746 
53 74 524 287 
54 50 776 232 
55 78 397 514 
56 37 323 667 
57 4 486 423 
58 49 419 317 
59 72 457 481 
60 2 531 649 
61 10 776 755 
62 33 325 330 
63 90 312 310 
64 29 268 627 
65 80 529 215 
66 55 427 606 
67 47 695 535 
68 12 468 734 
69 38 277 338 
70 78 257 478 
71 75 741 689 
72 11 463 704 
73 5 754 456 
74 50 750 678 
75 69 383 505 
76 20 386 469 
77 35 494 703 
78 5 638 341 
79 99 353 516 
80 43 572 762 
81 65 628 212 
82 90 655 599 
83 53 386 257 
84 72 354 718 
85 4 692 717 
86 20 535 386 
87 45 414 660 
88 72 464 270 
89 60 418 551 
90 28 209 636 
91 16 571 458 
92 68 637 750 
93 56 340 647 
94 27 413 681 
95 26 591 385 
96 83 205 693 
97 90 590 338 
98 58 279 654 
99 39 405 774 
