150 150 
0 30 79 71 
1 72 43 36 
2 4 53 56 
3 88 45 47 
4 54 65 58 
5 64 23 30 
6 90 97 99 
7 26 91 95 
8 94 77 78 
9 28 73 67 
10 72 42 48 
11 49 56 63 
12 54 53 50 
13 19 77 76 
14 28 40 44 
15 61 38 29 
16 84 38 41 
17 23 28 20 
18 67 28 24 
19 53 82 81 
20 54 21 13 
21 16 23 15 
22 9 52 58 
23 54 99 101 
24 77 22 22 
25 80 26 29 
26 68 21 25 
27 39 26 25 
28 25 85 77 
29 74 28 25 
30 14 35 43 
31 53 68 61 
32 35 40 40 
33 100 48 57 
34 39 57 61 
35 82 57 53 
36 62 66 68 
37 80 49 56 
38 94 78 80 
39 4 89 94 
40 100 47 47 
41 93 23 22 
42 95 36 35 
43 8 49 54 
44 7 54 62 
45 90 68 73 
46 84 56 57 
47 10 89 97 
48 13 24 26 
49 63 67 76 
