150 150 
0 30 27 77 
1 72 88 24 
2 4 79 30 
3 88 43 32 
4 54 53 74 
5 64 45 67 
6 90 65 30 
7 26 23 87 
8 94 97 69 
9 28 91 74 
10 72 77 66 
11 49 73 36 
12 54 42 82 
13 19 56 89 
14 28 53 47 
15 61 77 55 
16 84 40 77 
17 23 38 24 
18 67 38 73 
19 53 28 29 
20 54 28 44 
21 16 82 55 
22 9 21 27 
23 54 23 30 
24 77 52 82 
25 80 99 68 
26 68 22 60 
27 39 26 74 
28 25 21 75 
29 74 26 54 
30 14 85 30 
31 53 28 46 
32 35 35 94 
33 100 68 31 
34 39 40 62 
35 82 48 98 
36 62 57 76 
37 80 57 42 
38 94 66 66 
39 4 49 87 
40 100 78 67 
41 93 89 80 
42 95 47 62 
43 8 23 57 
44 7 36 58 
45 90 49 81 
46 84 54 92 
47 10 68 81 
48 13 56 66 
49 63 89 91 
50 3 24 68 
51 86 67 94 
52 96 48 55 
53 74 66 20 
54 50 83 88 
55 78 93 63 
56 37 32 97 
57 4 24 46 
58 49 62 36 
59 72 82 58 
60 2 50 49 
61 10 36 54 
62 33 57 64 
63 90 80 97 
64 29 94 37 
65 80 37 35 
66 55 35 29 
67 47 77 64 
68 12 22 50 
69 38 74 86 
70 78 65 56 
71 75 91 30 
72 11 38 28 
73 5 57 92 
74 50 85 55 
75 69 87 94 
76 20 54 93 
77 35 84 44 
78 5 61 45 
79 99 56 59 
80 43 87 78 
81 65 39 40 
82 90 62 70 
83 53 95 77 
84 72 22 81 
85 4 73 45 
86 20 28 41 
87 45 89 86 
88 72 89 65 
89 60 45 49 
90 28 81 55 
91 16 29 49 
92 68 67 21 
93 56 78 69 
94 27 54 78 
95 26 93 39 
96 83 80 48 
97 90 84 72 
98 58 45 21 
99 39 86 72 
