1000 1000 
0 30 80 34 
1 72 47 36 
2 4 56 75 
3 88 49 69 
4 54 67 35 
5 64 28 88 
6 90 97 71 
7 26 92 76 
8 94 79 68 
9 28 74 40 
10 72 46 83 
11 49 59 90 
12 54 56 51 
13 19 79 58 
14 28 44 78 
15 61 42 28 
16 84 41 75 
17 23 33 34 
18 67 33 48 
19 53 84 58 
20 54 26 31 
21 16 28 34 
22 9 55 83 
23 54 99 70 
24 77 27 62 
25 80 31 75 
26 68 26 76 
27 39 31 57 
28 25 86 34 
29 74 33 49 
30 14 39 94 
31 53 70 35 
32 35 44 64 
33 100 51 98 
34 39 59 78 
35 82 59 46 
36 62 68 69 
37 80 52 88 
38 94 79 70 
39 4 89 81 
40 100 50 64 
41 93 28 60 
42 95 40 61 
43 8 52 82 
44 7 57 92 
45 90 70 82 
46 84 59 68 
47 10 89 92 
48 13 29 70 
49 63 69 95 
50 3 52 58 
51 86 68 25 
52 96 84 89 
53 74 93 66 
54 50 36 97 
55 78 29 50 
56 37 64 40 
57 4 83 61 
58 49 53 52 
59 72 40 57 
60 2 60 66 
61 10 81 97 
62 33 94 41 
63 90 41 39 
64 29 39 34 
65 80 78 66 
66 55 27 53 
67 47 76 87 
68 12 67 58 
69 38 92 35 
70 78 42 32 
71 75 60 93 
72 11 86 58 
73 5 88 94 
74 50 57 94 
75 69 85 48 
76 20 63 48 
77 35 59 62 
78 5 88 80 
79 99 43 44 
80 43 65 72 
81 65 95 79 
82 90 27 82 
83 53 75 48 
84 72 32 44 
85 4 90 87 
86 20 90 67 
87 45 48 52 
88 72 82 58 
89 60 34 52 
90 28 69 26 
91 16 79 71 
92 68 57 80 
93 56 94 42 
94 27 81 52 
95 26 85 74 
96 83 48 26 
97 90 87 74 
98 58 42 35 
99 39 82 51 
