150 150 
0 30 21 13 
1 72 21 25 
2 4 22 20 
3 88 22 22 
4 54 22 27 
5 64 23 15 
6 90 23 22 
7 26 23 30 
8 94 24 21 
9 28 24 26 
10 72 26 25 
11 49 26 29 
12 54 28 20 
13 19 28 23 
14 28 28 24 
15 61 28 25 
16 84 29 26 
17 23 32 41 
18 67 35 27 
19 53 35 43 
20 54 36 35 
21 16 37 31 
22 9 38 29 
23 54 38 30 
24 77 38 31 
25 80 38 41 
26 68 39 34 
27 39 40 40 
28 25 40 44 
29 74 42 48 
30 14 43 36 
31 53 45 35 
32 35 45 42 
33 100 45 47 
34 39 47 47 
35 82 48 47 
36 62 48 57 
37 80 49 54 
38 94 49 56 
39 4 50 47 
40 100 52 58 
41 93 53 50 
42 95 53 56 
43 8 54 59 
44 7 54 62 
45 90 56 56 
46 84 56 57 
47 10 56 63 
48 13 57 53 
49 63 57 58 
50 3 57 61 
51 86 57 65 
52 96 61 57 
53 74 62 56 
54 50 62 64 
55 78 65 58 
56 37 65 64 
57 4 66 56 
58 49 66 68 
59 72 67 57 
60 2 67 76 
61 10 68 61 
62 33 68 73 
63 90 73 67 
64 29 73 69 
65 80 74 81 
66 55 77 76 
67 47 77 78 
68 12 78 80 
69 38 79 71 
70 78 80 77 
71 75 80 89 
72 11 81 78 
73 5 81 80 
74 50 82 81 
75 69 82 82 
76 20 83 90 
77 35 84 80 
78 5 84 87 
79 99 85 77 
80 43 85 84 
81 65 86 89 
82 90 87 92 
83 53 87 95 
84 72 89 90 
85 4 89 94 
86 20 89 95 
87 45 89 97 
88 72 91 84 
89 60 91 95 
90 28 93 88 
91 16 93 94 
92 68 94 88 
93 56 95 99 
94 27 97 99 
95 26 99 101 
