1000 1000 
0 30 376 287 
1 72 448 602 
2 4 391 555 
3 88 537 279 
4 54 221 706 
5 64 775 571 
6 90 733 606 
7 26 629 545 
8 94 595 321 
9 28 365 668 
10 72 472 718 
11 49 449 406 
12 54 631 465 
13 19 349 627 
14 28 339 226 
15 61 332 597 
16 84 262 271 
17 23 263 382 
18 67 668 464 
19 53 210 249 
20 54 223 272 
21 16 439 666 
22 9 793 563 
23 54 217 497 
24 77 245 603 
25 80 211 612 
26 68 247 458 
27 39 686 275 
28 25 264 395 
29 74 311 753 
30 14 563 282 
31 53 351 514 
32 35 411 783 
33 100 474 623 
34 39 474 367 
35 82 545 549 
36 62 420 700 
37 80 632 556 
38 94 715 649 
39 4 401 512 
40 100 225 480 
41 93 319 484 
42 95 417 659 
43 8 453 738 
44 7 559 655 
45 90 468 541 
46 84 715 732 
47 10 233 560 
48 13 555 758 
49 63 413 461 
50 3 543 200 
51 86 676 710 
52 96 746 524 
53 74 287 776 
54 50 232 397 
55 78 514 323 
56 37 667 486 
57 4 423 419 
58 49 317 457 
59 72 481 531 
60 2 649 776 
61 10 755 325 
62 33 330 312 
63 90 310 268 
64 29 627 529 
65 80 215 427 
66 55 606 695 
67 47 535 468 
68 12 734 277 
69 38 338 257 
70 78 478 741 
71 75 689 463 
72 11 704 754 
73 5 456 750 
74 50 678 383 
75 69 505 386 
76 20 469 494 
77 35 703 638 
78 5 341 353 
79 99 516 572 
80 43 762 628 
81 65 212 655 
82 90 599 386 
83 53 257 354 
84 72 718 692 
85 4 717 535 
86 20 386 414 
87 45 660 464 
88 72 270 418 
89 60 551 209 
90 28 636 571 
91 16 458 637 
92 68 750 340 
93 56 647 413 
94 27 681 591 
95 26 385 205 
96 83 693 590 
97 90 338 279 
98 58 654 405 
99 39 774 502 
100 70 631 303 
101 50 359 341 
102 5 290 749 
103 15 359 661 
104 20 698 611 
105 39 441 731 
106 96 722 755 
107 43 473 616 
108 3 628 448 
109 46 520 584 
110 58 282 357 
111 92 249 500 
112 33 352 747 
113 90 727 432 
114 45 505 287 
115 86 220 646 
116 42 606 242 
117 77 796 409 
118 64 723 280 
119 4 521 388 
120 98 522 266 
121 65 661 248 
122 89 470 268 
123 74 283 458 
124 68 634 552 
125 29 455 483 
126 70 680 385 
127 96 642 591 
128 85 474 434 
129 12 511 647 
130 73 684 364 
131 77 529 719 
132 32 377 644 
133 59 762 473 
134 41 618 739 
135 51 278 376 
136 33 275 317 
137 100 743 495 
138 9 214 443 
139 87 423 495 
140 63 302 585 
141 43 785 245 
142 82 606 409 
143 69 497 410 
144 62 791 382 
145 64 223 658 
146 27 726 571 
147 95 233 254 
148 88 476 641 
149 98 391 466 
150 56 309 461 
151 87 764 360 
152 5 690 696 
153 46 420 403 
154 66 487 414 
155 94 425 661 
156 18 566 680 
157 47 245 202 
158 74 794 362 
159 70 747 692 
160 7 638 326 
161 97 599 397 
162 35 363 439 
163 17 465 785 
164 83 438 767 
165 16 615 521 
166 11 328 378 
167 64 312 273 
168 29 301 338 
169 82 226 307 
170 60 222 713 
171 47 622 490 
172 89 759 571 
173 66 766 288 
174 48 378 377 
175 12 727 569 
176 60 746 799 
177 44 769 599 
178 8 730 303 
179 75 760 444 
180 11 595 556 
181 24 767 371 
182 22 210 424 
183 16 456 248 
184 5 240 775 
185 77 294 740 
186 43 353 275 
187 16 348 314 
188 76 414 790 
189 26 284 637 
190 40 491 787 
191 69 568 575 
192 72 250 734 
193 28 669 396 
194 27 758 696 
195 16 251 566 
196 54 281 340 
197 16 382 551 
198 21 287 733 
199 51 529 618 
