1000 1000 
0 30 330 250 
1 72 630 710 
2 4 234 641 
3 88 275 376 
4 54 287 448 
5 64 602 391 
6 90 555 537 
7 26 279 221 
8 94 706 775 
9 28 571 733 
10 72 606 629 
11 49 545 595 
12 54 321 365 
13 19 668 472 
14 28 718 449 
15 61 406 631 
16 84 465 349 
17 23 627 339 
18 67 226 332 
19 53 597 262 
20 54 271 263 
21 16 382 668 
22 9 464 210 
23 54 249 223 
24 77 272 439 
25 80 666 793 
26 68 563 217 
27 39 497 245 
28 25 603 211 
29 74 612 247 
30 14 458 686 
31 53 275 264 
32 35 395 311 
33 100 753 563 
34 39 282 351 
35 82 514 411 
36 62 783 474 
37 80 623 474 
38 94 367 545 
39 4 549 420 
40 100 700 632 
41 93 556 715 
42 95 649 401 
43 8 512 225 
44 7 480 319 
45 90 484 417 
46 84 659 453 
47 10 738 559 
48 13 655 468 
49 63 541 715 
50 3 732 233 
51 86 560 555 
52 96 758 413 
53 74 461 543 
54 50 200 676 
55 78 710 746 
56 37 524 287 
57 4 776 232 
58 49 397 514 
59 72 323 667 
60 2 486 423 
61 10 419 317 
62 33 457 481 
63 90 531 649 
64 29 776 755 
65 80 325 330 
66 55 312 310 
67 47 268 627 
68 12 529 215 
69 38 427 606 
70 78 695 535 
71 75 468 734 
72 11 277 338 
73 5 257 478 
74 50 741 689 
75 69 463 704 
76 20 754 456 
77 35 750 678 
78 5 383 505 
79 99 386 469 
80 43 494 703 
81 65 638 341 
82 90 353 516 
83 53 572 762 
84 72 628 212 
85 4 655 599 
86 20 386 257 
87 45 354 718 
88 72 692 717 
89 60 535 386 
90 28 414 660 
91 16 464 270 
92 68 418 551 
93 56 209 636 
94 27 571 458 
95 26 637 750 
96 83 340 647 
97 90 413 681 
98 58 591 385 
99 39 205 693 
