1000 1000 
0 30 414 671 
1 72 319 592 
2 4 563 132 
3 88 36 843 
4 54 959 618 
5 64 889 676 
6 90 715 575 
7 26 658 202 
8 94 275 780 
9 28 453 864 
10 72 416 344 
11 49 718 442 
12 54 250 712 
13 19 232 45 
14 28 221 661 
15 61 105 118 
16 84 106 304 
17 23 780 440 
18 67 18 83 
19 53 39 121 
20 54 399 776 
21 16 988 605 
22 9 30 496 
23 54 76 671 
24 77 19 686 
25 80 79 430 
26 68 811 125 
27 39 107 326 
28 25 186 922 
29 74 605 137 
30 14 253 524 
31 53 352 972 
32 35 457 706 
33 100 457 280 
34 39 576 582 
35 82 367 834 
36 62 720 594 
37 80 858 749 
38 94 336 521 
39 4 42 467 
40 100 199 474 
41 93 363 766 
42 95 422 898 
43 8 598 758 
44 7 448 569 
45 90 859 887 
46 84 56 600 
47 10 591 931 
48 13 356 435 
49 63 571 2 
