150 150 
0 30 79 30 
1 72 43 32 
2 4 53 74 
3 88 45 67 
4 54 65 30 
5 64 23 87 
6 90 97 69 
7 26 91 74 
8 94 77 66 
9 28 73 36 
10 72 42 82 
11 49 56 89 
12 54 53 47 
13 19 77 55 
14 28 40 77 
15 61 38 24 
16 84 38 73 
17 23 28 29 
18 67 28 44 
19 53 82 55 
20 54 21 27 
21 16 23 30 
22 9 52 82 
23 54 99 68 
24 77 22 60 
25 80 26 74 
26 68 21 75 
27 39 26 54 
28 25 85 30 
29 74 28 46 
30 14 35 94 
31 53 68 31 
32 35 40 62 
33 100 48 98 
34 39 57 76 
35 82 57 42 
36 62 66 66 
37 80 49 87 
38 94 78 67 
39 4 89 80 
40 100 47 62 
41 93 23 57 
42 95 36 58 
43 8 49 81 
44 7 54 92 
45 90 68 81 
46 84 56 66 
47 10 89 91 
48 13 24 68 
49 63 67 94 
