150 150 
0 30 27 31 
1 72 88 79 
2 4 79 71 
3 88 43 36 
4 54 53 56 
5 64 45 47 
6 90 65 58 
7 26 23 30 
8 94 97 99 
9 28 91 95 
10 72 77 78 
11 49 73 67 
12 54 42 48 
13 19 56 63 
14 28 53 50 
15 61 77 76 
16 84 40 44 
17 23 38 29 
18 67 38 41 
19 53 28 20 
20 54 28 24 
21 16 82 81 
22 9 21 13 
23 54 23 15 
24 77 52 58 
25 80 99 101 
26 68 22 22 
27 39 26 29 
28 25 21 25 
29 74 26 25 
30 14 85 77 
31 53 28 25 
32 35 35 43 
33 100 68 61 
34 39 40 40 
35 82 48 57 
36 62 57 61 
37 80 57 53 
38 94 66 68 
39 4 49 56 
40 100 78 80 
41 93 89 94 
42 95 47 47 
43 8 23 22 
44 7 36 35 
45 90 49 54 
46 84 54 62 
47 10 68 73 
48 13 56 57 
49 63 89 97 
