931 787 
0 30 137 188 
1 72 143 224 
2 4 301 195 
3 88 278 269 
4 54 139 110 
5 64 353 388 
6 90 285 367 
7 26 303 314 
8 94 272 297 
9 28 160 182 
10 72 334 236 
11 49 359 225 
12 54 203 315 
13 19 232 175 
14 28 313 169 
15 61 113 166 
16 84 298 131 
17 23 135 132 
18 67 191 334 
19 53 232 105 
20 54 125 111 
21 16 136 220 
22 9 333 396 
23 54 281 109 
24 77 249 123 
25 80 301 105 
26 68 306 123 
27 39 229 343 
28 25 137 132 
29 74 198 156 
30 14 377 281 
31 53 141 176 
32 35 257 205 
33 100 392 237 
34 39 312 237 
35 82 184 273 
36 62 274 210 
37 80 350 316 
38 94 278 357 
39 4 325 201 
40 100 256 112 
41 93 240 160 
42 95 242 209 
43 8 330 226 
44 7 369 279 
45 90 327 234 
46 84 271 358 
47 10 366 117 
48 13 280 277 
49 63 379 207 
