1000 1000 
0 30 710 234 
1 72 641 275 
2 4 376 287 
3 88 448 602 
4 54 391 555 
5 64 537 279 
6 90 221 706 
7 26 775 571 
8 94 733 606 
9 28 629 545 
10 72 595 321 
11 49 365 668 
12 54 472 718 
13 19 449 406 
14 28 631 465 
15 61 349 627 
16 84 339 226 
17 23 332 597 
18 67 262 271 
19 53 263 382 
20 54 668 464 
21 16 210 249 
22 9 223 272 
23 54 439 666 
24 77 793 563 
25 80 217 497 
26 68 245 603 
27 39 211 612 
28 25 247 458 
29 74 686 275 
30 14 264 395 
31 53 311 753 
32 35 563 282 
33 100 351 514 
34 39 411 783 
35 82 474 623 
36 62 474 367 
37 80 545 549 
38 94 420 700 
39 4 632 556 
40 100 715 649 
41 93 401 512 
42 95 225 480 
43 8 319 484 
44 7 417 659 
45 90 453 738 
46 84 559 655 
47 10 468 541 
48 13 715 732 
49 63 233 560 
