150 150 
0 30 20 97 
1 72 21 96 
2 4 21 97 
3 88 24 88 
4 54 27 83 
5 64 28 86 
6 90 29 82 
7 26 29 88 
8 94 30 80 
9 28 30 81 
10 72 30 82 
11 49 30 83 
12 54 31 81 
13 19 31 86 
14 28 32 82 
15 61 35 76 
16 84 36 76 
17 23 36 81 
18 67 37 75 
19 53 39 78 
20 54 40 75 
21 16 41 77 
22 9 42 73 
23 54 44 71 
24 77 44 73 
25 80 45 65 
26 68 45 69 
27 39 46 65 
28 25 46 69 
29 74 47 70 
30 14 47 72 
31 53 48 70 
32 35 49 62 
33 100 49 66 
34 39 49 68 
35 82 50 66 
36 62 54 60 
37 80 54 64 
38 94 55 55 
39 4 55 56 
40 100 55 57 
41 93 55 60 
42 95 55 63 
43 8 56 62 
44 7 57 54 
45 90 58 55 
46 84 59 59 
47 10 60 50 
48 13 60 57 
49 63 62 48 
50 3 62 51 
51 86 63 48 
52 96 64 46 
53 74 64 53 
54 50 65 48 
55 78 66 47 
56 37 66 50 
57 4 66 52 
58 49 67 48 
59 72 67 51 
60 2 68 42 
61 10 68 47 
62 33 69 45 
63 90 69 49 
64 29 70 49 
65 80 72 40 
66 55 72 41 
67 47 73 38 
68 12 74 36 
69 38 74 39 
70 78 74 43 
71 75 75 35 
72 11 76 38 
73 5 77 33 
74 50 77 35 
75 69 78 34 
76 20 78 41 
77 35 80 33 
78 5 81 33 
79 99 81 35 
80 43 82 32 
81 65 82 37 
82 90 86 29 
83 53 86 32 
84 72 87 30 
85 4 87 32 
86 20 88 31 
87 45 89 25 
88 72 91 19 
89 60 92 23 
90 28 92 26 
91 16 93 24 
92 68 94 19 
93 56 94 20 
94 27 94 22 
95 26 97 13 
96 83 97 22 
97 90 98 16 
