1000 1000 
0 30 851 57 
1 72 736 126 
2 4 294 145 
3 88 414 671 
4 54 319 592 
5 64 563 132 
6 90 36 843 
7 26 959 618 
8 94 889 676 
9 28 715 575 
10 72 658 202 
11 49 275 780 
12 54 453 864 
13 19 416 344 
14 28 718 442 
15 61 250 712 
16 84 232 45 
17 23 221 661 
18 67 105 118 
19 53 106 304 
20 54 780 440 
21 16 18 83 
22 9 39 121 
23 54 399 776 
24 77 988 605 
25 80 30 496 
26 68 76 671 
27 39 19 686 
28 25 79 430 
29 74 811 125 
30 14 107 326 
31 53 186 922 
32 35 605 137 
33 100 253 524 
34 39 352 972 
35 82 457 706 
36 62 457 280 
37 80 576 582 
38 94 367 834 
39 4 720 594 
40 100 858 749 
41 93 336 521 
42 95 42 467 
43 8 199 474 
44 7 363 766 
45 90 422 898 
46 84 598 758 
47 10 448 569 
48 13 859 887 
49 63 56 600 
50 3 591 931 
51 86 356 435 
52 96 571 2 
53 74 793 851 
54 50 910 541 
55 78 146 959 
56 37 54 330 
57 4 524 206 
58 49 778 477 
59 72 372 366 
60 2 195 428 
61 10 469 553 
62 33 749 961 
63 90 924 210 
64 29 218 187 
65 80 185 115 
66 55 713 549 
67 47 26 379 
68 12 678 826 
69 38 559 447 
70 78 891 130 
71 75 230 96 
72 11 464 902 
73 5 815 438 
74 50 840 924 
75 69 427 917 
76 20 798 305 
77 35 509 311 
78 5 448 490 
79 99 838 731 
80 43 236 256 
81 65 528 621 
82 90 937 714 
83 53 21 759 
84 72 666 311 
85 4 96 257 
86 20 864 821 
87 45 862 558 
88 72 311 358 
89 60 766 441 
90 28 117 364 
91 16 585 17 
92 68 726 619 
93 56 430 728 
94 27 917 234 
95 26 745 356 
96 83 801 651 
97 90 309 9 
98 58 822 651 
99 39 231 133 
