1000 1000 
0 30 178 58 
1 72 160 69 
2 4 94 72 
3 88 112 151 
4 54 98 139 
5 64 134 70 
6 90 55 176 
7 26 194 143 
8 94 183 151 
9 28 157 136 
10 72 149 80 
11 49 91 167 
12 54 118 180 
13 19 112 102 
14 28 158 116 
15 61 87 157 
16 84 85 57 
17 23 83 149 
18 67 66 68 
19 53 66 95 
20 54 167 116 
21 16 53 62 
22 9 56 68 
23 54 110 166 
24 77 198 141 
25 80 54 124 
26 68 61 151 
27 39 53 153 
28 25 62 114 
29 74 172 69 
30 14 66 99 
31 53 78 188 
32 35 141 70 
33 100 88 128 
34 39 103 196 
35 82 118 156 
36 62 119 92 
37 80 136 137 
38 94 105 175 
39 4 158 139 
40 100 179 162 
41 93 100 128 
42 95 56 120 
43 8 80 121 
44 7 104 165 
45 90 113 185 
46 84 140 164 
47 10 117 135 
48 13 179 183 
49 63 58 140 
