150 150 
0 30 53 74 
1 72 45 67 
2 4 65 30 
3 88 23 87 
4 54 97 69 
5 64 91 74 
6 90 77 66 
7 26 73 36 
8 94 42 82 
9 28 56 89 
10 72 53 47 
11 49 77 55 
12 54 40 77 
13 19 38 24 
14 28 38 73 
15 61 28 29 
16 84 28 44 
17 23 82 55 
18 67 21 27 
19 53 23 30 
20 54 52 82 
21 16 99 68 
22 9 22 60 
23 54 26 74 
24 77 21 75 
25 80 26 54 
26 68 85 30 
27 39 28 46 
28 25 35 94 
29 74 68 31 
30 14 40 62 
31 53 48 98 
32 35 57 76 
33 100 57 42 
34 39 66 66 
35 82 49 87 
36 62 78 67 
37 80 89 80 
38 94 47 62 
39 4 23 57 
40 100 36 58 
41 93 49 81 
42 95 54 92 
43 8 68 81 
44 7 56 66 
45 90 89 91 
46 84 24 68 
47 10 67 94 
48 13 48 55 
49 63 66 20 
