1000 1000 
0 30 630 710 
1 72 234 641 
2 4 275 376 
3 88 287 448 
4 54 602 391 
5 64 555 537 
6 90 279 221 
7 26 706 775 
8 94 571 733 
9 28 606 629 
10 72 545 595 
11 49 321 365 
12 54 668 472 
13 19 718 449 
14 28 406 631 
15 61 465 349 
16 84 627 339 
17 23 226 332 
18 67 597 262 
19 53 271 263 
20 54 382 668 
21 16 464 210 
22 9 249 223 
23 54 272 439 
24 77 666 793 
25 80 563 217 
26 68 497 245 
27 39 603 211 
28 25 612 247 
29 74 458 686 
30 14 275 264 
31 53 395 311 
32 35 753 563 
33 100 282 351 
34 39 514 411 
35 82 783 474 
36 62 623 474 
37 80 367 545 
38 94 549 420 
39 4 700 632 
40 100 556 715 
41 93 649 401 
42 95 512 225 
43 8 480 319 
44 7 484 417 
45 90 659 453 
46 84 738 559 
47 10 655 468 
48 13 541 715 
49 63 732 233 
50 3 560 555 
51 86 758 413 
52 96 461 543 
53 74 200 676 
54 50 710 746 
55 78 524 287 
56 37 776 232 
57 4 397 514 
58 49 323 667 
59 72 486 423 
60 2 419 317 
61 10 457 481 
62 33 531 649 
63 90 776 755 
64 29 325 330 
65 80 312 310 
66 55 268 627 
67 47 529 215 
68 12 427 606 
69 38 695 535 
70 78 468 734 
71 75 277 338 
72 11 257 478 
73 5 741 689 
74 50 463 704 
75 69 754 456 
76 20 750 678 
77 35 383 505 
78 5 386 469 
79 99 494 703 
80 43 638 341 
81 65 353 516 
82 90 572 762 
83 53 628 212 
84 72 655 599 
85 4 386 257 
86 20 354 718 
87 45 692 717 
88 72 535 386 
89 60 414 660 
90 28 464 270 
91 16 418 551 
92 68 209 636 
93 56 571 458 
94 27 637 750 
95 26 340 647 
96 83 413 681 
97 90 591 385 
98 58 205 693 
99 39 590 338 
