1000 1000 
0 30 82 62 
1 72 157 178 
2 4 58 160 
3 88 69 94 
4 54 72 112 
5 64 151 98 
6 90 139 134 
7 26 70 55 
8 94 176 194 
9 28 143 183 
10 72 151 157 
11 49 136 149 
12 54 80 91 
13 19 167 118 
14 28 180 112 
15 61 102 158 
16 84 116 87 
17 23 157 85 
18 67 57 83 
19 53 149 66 
20 54 68 66 
21 16 95 167 
22 9 116 53 
23 54 62 56 
24 77 68 110 
25 80 166 198 
26 68 141 54 
27 39 124 61 
28 25 151 53 
29 74 153 62 
30 14 114 172 
31 53 69 66 
32 35 99 78 
33 100 188 141 
34 39 70 88 
35 82 128 103 
36 62 196 118 
37 80 156 119 
38 94 92 136 
39 4 137 105 
40 100 175 158 
41 93 139 179 
42 95 162 100 
43 8 128 56 
44 7 120 80 
45 90 121 104 
46 84 165 113 
47 10 185 140 
48 13 164 117 
49 63 135 179 
