150 150 
0 30 20 97 
1 72 21 96 
2 4 21 97 
3 88 24 88 
4 54 24 93 
5 64 27 83 
6 90 28 86 
7 26 29 82 
8 94 29 88 
9 28 30 80 
10 72 30 81 
11 49 30 82 
12 54 30 83 
13 19 31 81 
14 28 31 86 
15 61 32 82 
16 84 35 76 
17 23 36 76 
18 67 36 81 
19 53 37 75 
20 54 39 78 
21 16 40 75 
22 9 41 77 
23 54 42 73 
24 77 44 71 
25 80 44 73 
26 68 45 65 
27 39 45 69 
28 25 46 65 
29 74 46 69 
30 14 47 70 
31 53 48 70 
32 35 49 62 
33 100 49 66 
34 39 49 68 
35 82 50 66 
36 62 54 60 
37 80 54 64 
38 94 55 55 
39 4 55 56 
40 100 55 57 
41 93 55 60 
42 95 55 63 
43 8 56 62 
44 7 57 54 
45 90 58 55 
46 84 59 59 
47 10 60 50 
48 13 62 48 
49 63 62 51 
50 3 63 48 
51 86 64 46 
52 96 64 53 
53 74 65 48 
54 50 66 47 
55 78 66 50 
56 37 66 52 
57 4 67 48 
58 49 67 51 
59 72 68 42 
60 2 68 47 
61 10 69 45 
62 33 69 49 
63 90 70 49 
64 29 72 40 
65 80 72 41 
66 55 73 38 
67 47 74 36 
68 12 74 39 
69 38 74 43 
70 78 75 35 
71 75 76 38 
72 11 77 33 
73 5 77 35 
74 50 78 34 
75 69 78 41 
76 20 80 33 
77 35 81 33 
78 5 81 35 
79 99 82 32 
80 43 82 37 
81 65 86 29 
82 90 86 32 
83 53 87 30 
84 72 87 32 
85 4 88 31 
86 20 89 25 
87 45 91 19 
88 72 92 23 
89 60 92 26 
90 28 93 24 
91 16 94 19 
92 68 94 20 
93 56 94 22 
94 27 97 13 
95 26 97 22 
96 83 98 16 
