1000 1000 
0 30 688 666 
1 72 437 71 
2 4 471 372 
3 88 344 790 
4 54 945 881 
5 64 499 535 
6 90 558 972 
7 26 14 750 
8 94 86 756 
9 28 331 213 
10 72 638 677 
11 49 231 36 
12 54 662 512 
13 19 822 662 
14 28 933 374 
15 61 551 869 
16 84 565 705 
17 23 196 770 
18 67 999 286 
19 53 865 807 
20 54 16 225 
21 16 6 759 
22 9 724 967 
23 54 394 738 
24 77 570 292 
25 80 142 187 
26 68 330 309 
27 39 692 883 
28 25 117 463 
29 74 825 938 
30 14 374 532 
31 53 650 798 
32 35 878 627 
33 100 613 240 
34 39 743 192 
35 82 490 373 
36 62 411 6 
37 80 393 644 
38 94 660 178 
39 4 767 829 
40 100 602 155 
41 93 389 41 
42 95 681 712 
43 8 370 723 
44 7 675 962 
45 90 154 653 
46 84 695 350 
47 10 520 942 
48 13 185 652 
49 63 579 36 
50 3 923 980 
51 86 774 709 
52 96 22 778 
53 74 885 77 
54 50 922 825 
55 78 22 580 
56 37 405 231 
57 4 628 999 
58 49 580 441 
59 72 483 444 
60 2 892 232 
61 10 697 360 
62 33 120 715 
63 90 715 523 
64 29 373 336 
65 80 315 46 
66 55 97 871 
67 47 607 372 
68 12 69 433 
69 38 37 280 
70 78 399 465 
71 75 380 879 
72 11 534 745 
73 5 750 617 
74 50 250 385 
75 69 590 270 
76 20 658 827 
77 35 678 947 
78 5 205 851 
79 99 126 96 
80 43 665 569 
81 65 377 493 
82 90 152 423 
83 53 210 249 
84 72 109 192 
85 4 735 808 
86 20 313 986 
87 45 398 949 
88 72 877 252 
89 60 974 783 
90 28 246 765 
91 16 578 753 
92 68 195 637 
93 56 651 639 
94 27 836 314 
95 26 973 551 
96 83 616 572 
97 90 654 932 
98 58 310 522 
99 39 139 562 
