966 942 
0 30 143 224 
1 72 301 195 
2 4 278 269 
3 88 139 110 
4 54 353 388 
5 64 285 367 
6 90 303 314 
7 26 272 297 
8 94 160 182 
9 28 334 236 
10 72 359 225 
11 49 203 315 
12 54 232 175 
13 19 313 169 
14 28 113 166 
15 61 298 131 
16 84 135 132 
17 23 191 334 
18 67 232 105 
19 53 125 111 
20 54 136 220 
21 16 333 396 
22 9 281 109 
23 54 249 123 
24 77 301 105 
25 80 306 123 
26 68 229 343 
27 39 137 132 
28 25 198 156 
29 74 377 281 
30 14 141 176 
31 53 257 205 
32 35 392 237 
33 100 312 237 
34 39 184 273 
35 82 274 210 
36 62 350 316 
37 80 278 357 
38 94 325 201 
39 4 256 112 
40 100 240 160 
41 93 242 209 
42 95 330 226 
43 8 369 279 
44 7 327 234 
45 90 271 358 
46 84 366 117 
47 10 280 277 
48 13 379 207 
49 63 230 271 
50 3 100 338 
51 86 355 373 
52 96 262 144 
53 74 388 116 
54 50 199 257 
55 78 162 333 
56 37 243 212 
57 4 210 158 
58 49 228 240 
59 72 266 325 
60 2 388 377 
61 10 163 165 
62 33 156 155 
63 90 134 314 
64 29 265 107 
65 80 213 303 
66 55 348 268 
67 47 234 367 
68 12 139 169 
69 38 129 239 
70 78 371 344 
71 75 231 352 
72 11 377 228 
73 5 375 339 
74 50 191 252 
75 69 193 234 
76 20 247 351 
77 35 319 171 
78 5 177 258 
79 99 286 381 
80 43 314 106 
81 65 328 300 
82 90 193 128 
83 53 177 359 
84 72 346 359 
85 4 267 193 
86 20 207 330 
87 45 232 135 
88 72 209 275 
89 60 105 318 
90 28 286 229 
91 16 318 375 
92 68 170 323 
93 56 207 340 
94 27 295 192 
95 26 103 346 
96 83 295 169 
97 90 140 327 
98 58 203 387 
99 39 251 316 
