1000 1000 
0 30 287 448 
1 72 602 391 
2 4 555 537 
3 88 279 221 
4 54 706 775 
5 64 571 733 
6 90 606 629 
7 26 545 595 
8 94 321 365 
9 28 668 472 
10 72 718 449 
11 49 406 631 
12 54 465 349 
13 19 627 339 
14 28 226 332 
15 61 597 262 
16 84 271 263 
17 23 382 668 
18 67 464 210 
19 53 249 223 
20 54 272 439 
21 16 666 793 
22 9 563 217 
23 54 497 245 
24 77 603 211 
25 80 612 247 
26 68 458 686 
27 39 275 264 
28 25 395 311 
29 74 753 563 
30 14 282 351 
31 53 514 411 
32 35 783 474 
33 100 623 474 
34 39 367 545 
35 82 549 420 
36 62 700 632 
37 80 556 715 
38 94 649 401 
39 4 512 225 
40 100 480 319 
41 93 484 417 
42 95 659 453 
43 8 738 559 
44 7 655 468 
45 90 541 715 
46 84 732 233 
47 10 560 555 
48 13 758 413 
49 63 461 543 
