1000 1000 
0 30 217 84 
1 72 716 851 
2 4 57 736 
3 88 126 294 
4 54 145 414 
5 64 671 319 
6 90 592 563 
7 26 132 36 
8 94 843 959 
9 28 618 889 
10 72 676 715 
11 49 575 658 
12 54 202 275 
13 19 780 453 
14 28 864 416 
15 61 344 718 
16 84 442 250 
17 23 712 232 
18 67 45 221 
19 53 661 105 
20 54 118 106 
21 16 304 780 
22 9 440 18 
23 54 83 39 
24 77 121 399 
25 80 776 988 
26 68 605 30 
27 39 496 76 
28 25 671 19 
29 74 686 79 
30 14 430 811 
31 53 125 107 
32 35 326 186 
33 100 922 605 
34 39 137 253 
35 82 524 352 
36 62 972 457 
37 80 706 457 
38 94 280 576 
39 4 582 367 
40 100 834 720 
41 93 594 858 
42 95 749 336 
43 8 521 42 
44 7 467 199 
45 90 474 363 
46 84 766 422 
47 10 898 598 
48 13 758 448 
49 63 569 859 
50 3 887 56 
51 86 600 591 
52 96 931 356 
53 74 435 571 
54 50 2 793 
55 78 851 910 
56 37 541 146 
57 4 959 54 
58 49 330 524 
59 72 206 778 
60 2 477 372 
61 10 366 195 
62 33 428 469 
63 90 553 749 
64 29 961 924 
65 80 210 218 
66 55 187 185 
67 47 115 713 
68 12 549 26 
69 38 379 678 
70 78 826 559 
71 75 447 891 
72 11 130 230 
73 5 96 464 
74 50 902 815 
75 69 438 840 
76 20 924 427 
77 35 917 798 
78 5 305 509 
79 99 311 448 
80 43 490 838 
81 65 731 236 
82 90 256 528 
83 53 621 937 
84 72 714 21 
85 4 759 666 
86 20 311 96 
87 45 257 864 
88 72 821 862 
89 60 558 311 
90 28 358 766 
91 16 441 117 
92 68 364 585 
93 56 17 726 
94 27 619 430 
95 26 728 917 
96 83 234 745 
97 90 356 801 
98 58 651 309 
99 39 9 822 
100 70 651 231 
101 50 133 757 
102 5 343 957 
103 15 504 719 
104 20 172 265 
105 39 235 151 
106 96 915 266 
107 43 769 831 
108 3 685 403 
109 46 885 870 
110 58 925 455 
111 92 694 713 
112 33 414 533 
113 90 640 138 
114 45 262 82 
115 86 501 255 
116 42 913 878 
117 77 387 509 
118 64 146 35 
119 4 744 677 
120 98 71 993 
121 65 349 872 
122 89 134 535 
123 74 313 537 
124 68 111 768 
125 29 82 451 
126 70 114 140 
127 96 431 723 
128 85 587 425 
129 12 473 799 
130 73 309 736 
131 77 652 458 
132 32 390 518 
133 59 745 808 
134 41 275 548 
135 51 865 295 
136 33 740 937 
137 100 456 697 
138 9 899 131 
139 87 294 126 
140 63 195 904 
141 43 491 25 
142 82 406 372 
143 69 493 171 
144 62 642 975 
145 64 76 676 
146 27 349 495 
147 95 351 986 
148 88 304 40 
149 98 763 877 
150 56 618 55 
151 87 91 461 
152 5 736 318 
153 46 444 182 
154 66 435 940 
155 94 267 817 
156 18 827 367 
157 47 339 479 
158 74 357 375 
159 70 769 610 
160 7 800 76 
161 97 5 990 
162 35 270 912 
163 17 820 730 
164 83 211 665 
165 16 329 273 
166 11 399 443 
167 64 974 397 
168 29 946 691 
169 82 535 214 
170 60 298 188 
171 47 122 169 
172 89 231 44 
173 66 179 38 
174 48 855 703 
175 12 484 932 
176 60 618 944 
177 44 148 297 
178 8 295 878 
179 75 616 910 
180 11 998 949 
181 24 665 883 
182 22 172 934 
183 16 407 659 
184 5 593 946 
185 77 287 18 
186 43 375 428 
187 16 81 68 
188 76 959 158 
189 26 900 255 
190 40 126 247 
191 69 190 357 
192 72 983 140 
193 28 728 485 
194 27 979 614 
195 16 626 84 
196 54 890 781 
197 16 327 930 
198 21 826 86 
199 51 610 137 
