982 856 
0 30 117 321 
1 72 137 188 
2 4 143 224 
3 88 301 195 
4 54 278 269 
5 64 139 110 
6 90 353 388 
7 26 285 367 
8 94 303 314 
9 28 272 297 
10 72 160 182 
11 49 334 236 
12 54 359 225 
13 19 203 315 
14 28 232 175 
15 61 313 169 
16 84 113 166 
17 23 298 131 
18 67 135 132 
19 53 191 334 
20 54 232 105 
21 16 125 111 
22 9 136 220 
23 54 333 396 
24 77 281 109 
25 80 249 123 
26 68 301 105 
27 39 306 123 
28 25 229 343 
29 74 137 132 
30 14 198 156 
31 53 377 281 
32 35 141 176 
33 100 257 205 
34 39 392 237 
35 82 312 237 
36 62 184 273 
37 80 274 210 
38 94 350 316 
39 4 278 357 
40 100 325 201 
41 93 256 112 
42 95 240 160 
43 8 242 209 
44 7 330 226 
45 90 369 279 
46 84 327 234 
47 10 271 358 
48 13 366 117 
49 63 280 277 
