1000 1000 
0 30 28 41 
1 72 29 80 
2 4 31 28 
3 88 34 33 
4 54 34 47 
5 64 34 55 
6 90 35 28 
7 26 35 44 
8 94 36 56 
9 28 40 46 
10 72 41 31 
11 49 46 68 
12 54 48 84 
13 19 49 39 
14 28 51 79 
15 61 57 86 
16 84 58 26 
17 23 58 44 
18 67 60 40 
19 53 61 52 
20 54 62 31 
21 16 64 28 
22 9 64 51 
23 54 68 74 
24 77 68 89 
25 80 69 52 
26 68 69 67 
27 39 70 27 
28 25 70 89 
29 74 71 92 
30 14 75 26 
31 53 75 33 
32 35 75 49 
33 100 76 31 
34 39 76 79 
35 82 78 42 
36 62 78 59 
37 80 79 89 
38 94 81 50 
39 4 82 57 
40 100 82 59 
41 93 83 59 
42 95 83 99 
43 8 88 79 
44 7 88 97 
45 90 90 56 
46 84 92 70 
47 10 94 70 
48 13 98 59 
