150 150 
0 30 37 27 
1 72 77 88 
2 4 24 79 
3 88 30 43 
4 54 32 53 
5 64 74 45 
6 90 67 65 
7 26 30 23 
8 94 87 97 
9 28 69 91 
10 72 74 77 
11 49 66 73 
12 54 36 42 
13 19 82 56 
14 28 89 53 
15 61 47 77 
16 84 55 40 
17 23 77 38 
18 67 24 38 
19 53 73 28 
20 54 29 28 
21 16 44 82 
22 9 55 21 
23 54 27 23 
24 77 30 52 
25 80 82 99 
26 68 68 22 
27 39 60 26 
28 25 74 21 
29 74 75 26 
30 14 54 85 
31 53 30 28 
32 35 46 35 
33 100 94 68 
34 39 31 40 
35 82 62 48 
36 62 98 57 
37 80 76 57 
38 94 42 66 
39 4 66 49 
40 100 87 78 
41 93 67 89 
42 95 80 47 
43 8 62 23 
44 7 57 36 
45 90 58 49 
46 84 81 54 
47 10 92 68 
48 13 81 56 
49 63 66 89 
50 3 91 24 
51 86 68 67 
52 96 94 48 
53 74 55 66 
54 50 20 83 
55 78 88 93 
56 37 63 32 
57 4 97 24 
58 49 46 62 
59 72 36 82 
60 2 58 50 
61 10 49 36 
62 33 54 57 
63 90 64 80 
64 29 97 94 
65 80 37 37 
66 55 35 35 
67 47 29 77 
68 12 64 22 
69 38 50 74 
70 78 86 65 
71 75 56 91 
72 11 30 38 
73 5 28 57 
74 50 92 85 
75 69 55 87 
76 20 94 54 
77 35 93 84 
78 5 44 61 
79 99 45 56 
80 43 59 87 
81 65 78 39 
82 90 40 62 
83 53 70 95 
84 72 77 22 
85 4 81 73 
86 20 45 28 
87 45 41 89 
88 72 86 89 
89 60 65 45 
90 28 49 81 
91 16 55 29 
92 68 49 67 
93 56 21 78 
94 27 69 54 
95 26 78 93 
96 83 39 80 
97 90 48 84 
98 58 72 45 
99 39 21 86 
