1000 1000 
0 30 72 112 
1 72 151 98 
2 4 139 134 
3 88 70 55 
4 54 176 194 
5 64 143 183 
6 90 151 157 
7 26 136 149 
8 94 80 91 
9 28 167 118 
10 72 180 112 
11 49 102 158 
12 54 116 87 
13 19 157 85 
14 28 57 83 
15 61 149 66 
16 84 68 66 
17 23 95 167 
18 67 116 53 
19 53 62 56 
20 54 68 110 
21 16 166 198 
22 9 141 54 
23 54 124 61 
24 77 151 53 
25 80 153 62 
26 68 114 172 
27 39 69 66 
28 25 99 78 
29 74 188 141 
30 14 70 88 
31 53 128 103 
32 35 196 118 
33 100 156 119 
34 39 92 136 
35 82 137 105 
36 62 175 158 
37 80 139 179 
38 94 162 100 
39 4 128 56 
40 100 120 80 
41 93 121 104 
42 95 165 113 
43 8 185 140 
44 7 164 117 
45 90 135 179 
46 84 183 58 
47 10 140 139 
48 13 190 103 
49 63 115 136 
50 3 50 169 
51 86 178 187 
52 96 131 72 
53 74 194 58 
54 50 99 128 
55 78 81 167 
56 37 121 106 
57 4 105 79 
58 49 114 120 
59 72 133 162 
60 2 194 189 
61 10 81 83 
62 33 78 78 
63 90 67 157 
64 29 132 54 
65 80 107 152 
66 55 174 134 
67 47 117 184 
68 12 69 84 
69 38 64 120 
70 78 185 172 
71 75 116 176 
72 11 189 114 
73 5 187 170 
74 50 96 126 
75 69 97 117 
76 20 123 176 
77 35 160 85 
78 5 88 129 
79 99 143 191 
80 43 157 53 
81 65 164 150 
82 90 96 64 
83 53 88 180 
84 72 173 179 
85 4 134 97 
86 20 104 165 
87 45 116 67 
88 72 105 138 
89 60 52 159 
90 28 143 114 
91 16 159 188 
92 68 85 162 
93 56 103 170 
94 27 148 96 
95 26 51 173 
96 83 148 85 
97 90 70 164 
98 58 101 194 
99 39 126 158 
