1000 1000 
0 30 69 94 
1 72 72 112 
2 4 151 98 
3 88 139 134 
4 54 70 55 
5 64 176 194 
6 90 143 183 
7 26 151 157 
8 94 136 149 
9 28 80 91 
10 72 167 118 
11 49 180 112 
12 54 102 158 
13 19 116 87 
14 28 157 85 
15 61 57 83 
16 84 149 66 
17 23 68 66 
18 67 95 167 
19 53 116 53 
20 54 62 56 
21 16 68 110 
22 9 166 198 
23 54 141 54 
24 77 124 61 
25 80 151 53 
26 68 153 62 
27 39 114 172 
28 25 69 66 
29 74 99 78 
30 14 188 141 
31 53 70 88 
32 35 128 103 
33 100 196 118 
34 39 156 119 
35 82 92 136 
36 62 137 105 
37 80 175 158 
38 94 139 179 
39 4 162 100 
40 100 128 56 
41 93 120 80 
42 95 121 104 
43 8 165 113 
44 7 185 140 
45 90 164 117 
46 84 135 179 
47 10 183 58 
48 13 140 139 
49 63 190 103 
