1000 1000 
0 30 28 41 
1 72 31 28 
2 4 34 33 
3 88 34 55 
4 54 35 28 
5 64 35 44 
6 90 36 56 
7 26 40 46 
8 94 46 68 
9 28 48 84 
10 72 49 39 
11 49 51 79 
12 54 57 86 
13 19 58 26 
14 28 58 44 
15 61 58 68 
16 84 60 40 
17 23 61 52 
18 67 62 31 
19 53 64 28 
20 54 64 51 
21 16 68 74 
22 9 68 89 
23 54 69 52 
24 77 69 67 
25 80 70 27 
26 68 70 69 
27 39 70 89 
28 25 71 92 
29 74 75 26 
30 14 75 33 
31 53 75 49 
32 35 76 31 
33 100 76 79 
34 39 78 42 
35 82 78 59 
36 62 81 50 
37 80 82 57 
38 94 82 59 
39 4 83 59 
40 100 83 99 
41 93 88 79 
42 95 88 97 
43 8 90 56 
44 7 92 29 
45 90 92 70 
46 84 94 70 
47 10 95 52 
48 13 98 59 
