1000 1000 
0 30 294 145 
1 72 414 671 
2 4 319 592 
3 88 563 132 
4 54 36 843 
5 64 959 618 
6 90 889 676 
7 26 715 575 
8 94 658 202 
9 28 275 780 
10 72 453 864 
11 49 416 344 
12 54 718 442 
13 19 250 712 
14 28 232 45 
15 61 221 661 
16 84 105 118 
17 23 106 304 
18 67 780 440 
19 53 18 83 
20 54 39 121 
21 16 399 776 
22 9 988 605 
23 54 30 496 
24 77 76 671 
25 80 19 686 
26 68 79 430 
27 39 811 125 
28 25 107 326 
29 74 186 922 
30 14 605 137 
31 53 253 524 
32 35 352 972 
33 100 457 706 
34 39 457 280 
35 82 576 582 
36 62 367 834 
37 80 720 594 
38 94 858 749 
39 4 336 521 
40 100 42 467 
41 93 199 474 
42 95 363 766 
43 8 422 898 
44 7 598 758 
45 90 448 569 
46 84 859 887 
47 10 56 600 
48 13 591 931 
49 63 356 435 
50 3 571 2 
51 86 793 851 
52 96 910 541 
53 74 146 959 
54 50 54 330 
55 78 524 206 
56 37 778 477 
57 4 372 366 
58 49 195 428 
59 72 469 553 
60 2 749 961 
61 10 924 210 
62 33 218 187 
63 90 185 115 
64 29 713 549 
65 80 26 379 
66 55 678 826 
67 47 559 447 
68 12 891 130 
69 38 230 96 
70 78 464 902 
71 75 815 438 
72 11 840 924 
73 5 427 917 
74 50 798 305 
75 69 509 311 
76 20 448 490 
77 35 838 731 
78 5 236 256 
79 99 528 621 
80 43 937 714 
81 65 21 759 
82 90 666 311 
83 53 96 257 
84 72 864 821 
85 4 862 558 
86 20 311 358 
87 45 766 441 
88 72 117 364 
89 60 585 17 
90 28 726 619 
91 16 430 728 
92 68 917 234 
93 56 745 356 
94 27 801 651 
95 26 309 9 
96 83 822 651 
97 90 231 133 
98 58 757 343 
99 39 957 504 
