1000 1000 
0 30 321 137 
1 72 188 143 
2 4 224 301 
3 88 195 278 
4 54 269 139 
5 64 110 353 
6 90 388 285 
7 26 367 303 
8 94 314 272 
9 28 297 160 
10 72 182 334 
11 49 236 359 
12 54 225 203 
13 19 315 232 
14 28 175 313 
15 61 169 113 
16 84 166 298 
17 23 131 135 
18 67 132 191 
19 53 334 232 
20 54 105 125 
21 16 111 136 
22 9 220 333 
23 54 396 281 
24 77 109 249 
25 80 123 301 
26 68 105 306 
27 39 123 229 
28 25 343 137 
29 74 132 198 
30 14 156 377 
31 53 281 141 
32 35 176 257 
33 100 205 392 
34 39 237 312 
35 82 237 184 
36 62 273 274 
37 80 210 350 
38 94 316 278 
39 4 357 325 
40 100 201 256 
41 93 112 240 
42 95 160 242 
43 8 209 330 
44 7 226 369 
45 90 279 327 
46 84 234 271 
47 10 358 366 
48 13 117 280 
49 63 277 379 
50 3 207 230 
51 86 271 100 
52 96 338 355 
53 74 373 262 
54 50 144 388 
55 78 116 199 
56 37 257 162 
57 4 333 243 
58 49 212 210 
59 72 158 228 
60 2 240 266 
61 10 325 388 
62 33 377 163 
63 90 165 156 
64 29 155 134 
65 80 314 265 
66 55 107 213 
67 47 303 348 
68 12 268 234 
69 38 367 139 
70 78 169 129 
71 75 239 371 
72 11 344 231 
73 5 352 377 
74 50 228 375 
75 69 339 191 
76 20 252 193 
77 35 234 247 
78 5 351 319 
79 99 171 177 
80 43 258 286 
81 65 381 314 
82 90 106 328 
83 53 300 193 
84 72 128 177 
85 4 359 346 
86 20 359 267 
87 45 193 207 
88 72 330 232 
89 60 135 209 
90 28 275 105 
91 16 318 286 
92 68 229 318 
93 56 375 170 
94 27 323 207 
95 26 340 295 
96 83 192 103 
97 90 346 295 
98 58 169 140 
99 39 327 203 
