1000 1000 
0 30 125 315 
1 72 355 117 
2 4 321 137 
3 88 188 143 
4 54 224 301 
5 64 195 278 
6 90 269 139 
7 26 110 353 
8 94 388 285 
9 28 367 303 
10 72 314 272 
11 49 297 160 
12 54 182 334 
13 19 236 359 
14 28 225 203 
15 61 315 232 
16 84 175 313 
17 23 169 113 
18 67 166 298 
19 53 131 135 
20 54 132 191 
21 16 334 232 
22 9 105 125 
23 54 111 136 
24 77 220 333 
25 80 396 281 
26 68 109 249 
27 39 123 301 
28 25 105 306 
29 74 123 229 
30 14 343 137 
31 53 132 198 
32 35 156 377 
33 100 281 141 
34 39 176 257 
35 82 205 392 
36 62 237 312 
37 80 237 184 
38 94 273 274 
39 4 210 350 
40 100 316 278 
41 93 357 325 
42 95 201 256 
43 8 112 240 
44 7 160 242 
45 90 209 330 
46 84 226 369 
47 10 279 327 
48 13 234 271 
49 63 358 366 
50 3 117 280 
51 86 277 379 
52 96 207 230 
53 74 271 100 
54 50 338 355 
55 78 373 262 
56 37 144 388 
57 4 116 199 
58 49 257 162 
59 72 333 243 
60 2 212 210 
61 10 158 228 
62 33 240 266 
63 90 325 388 
64 29 377 163 
65 80 165 156 
66 55 155 134 
67 47 314 265 
68 12 107 213 
69 38 303 348 
70 78 268 234 
71 75 367 139 
72 11 169 129 
73 5 239 371 
74 50 344 231 
75 69 352 377 
76 20 228 375 
77 35 339 191 
78 5 252 193 
79 99 234 247 
80 43 351 319 
81 65 171 177 
82 90 258 286 
83 53 381 314 
84 72 106 328 
85 4 300 193 
86 20 128 177 
87 45 359 346 
88 72 359 267 
89 60 193 207 
90 28 330 232 
91 16 135 209 
92 68 275 105 
93 56 318 286 
94 27 229 318 
95 26 375 170 
96 83 323 207 
97 90 340 295 
98 58 192 103 
99 39 346 295 
