150 150 
0 30 77 88 
1 72 24 79 
2 4 30 43 
3 88 32 53 
4 54 74 45 
5 64 67 65 
6 90 30 23 
7 26 87 97 
8 94 69 91 
9 28 74 77 
10 72 66 73 
11 49 36 42 
12 54 82 56 
13 19 89 53 
14 28 47 77 
15 61 55 40 
16 84 77 38 
17 23 24 38 
18 67 73 28 
19 53 29 28 
20 54 44 82 
21 16 55 21 
22 9 27 23 
23 54 30 52 
24 77 82 99 
25 80 68 22 
26 68 60 26 
27 39 74 21 
28 25 75 26 
29 74 54 85 
30 14 30 28 
31 53 46 35 
32 35 94 68 
33 100 31 40 
34 39 62 48 
35 82 98 57 
36 62 76 57 
37 80 42 66 
38 94 66 49 
39 4 87 78 
40 100 67 89 
41 93 80 47 
42 95 62 23 
43 8 57 36 
44 7 58 49 
45 90 81 54 
46 84 92 68 
47 10 81 56 
48 13 66 89 
49 63 91 24 
50 3 68 67 
51 86 94 48 
52 96 55 66 
53 74 20 83 
54 50 88 93 
55 78 63 32 
56 37 97 24 
57 4 46 62 
58 49 36 82 
59 72 58 50 
60 2 49 36 
61 10 54 57 
62 33 64 80 
63 90 97 94 
64 29 37 37 
65 80 35 35 
66 55 29 77 
67 47 64 22 
68 12 50 74 
69 38 86 65 
70 78 56 91 
71 75 30 38 
72 11 28 57 
73 5 92 85 
74 50 55 87 
75 69 94 54 
76 20 93 84 
77 35 44 61 
78 5 45 56 
79 99 59 87 
80 43 78 39 
81 65 40 62 
82 90 70 95 
83 53 77 22 
84 72 81 73 
85 4 45 28 
86 20 41 89 
87 45 86 89 
88 72 65 45 
89 60 49 81 
90 28 55 29 
91 16 49 67 
92 68 21 78 
93 56 69 54 
94 27 78 93 
95 26 39 80 
96 83 48 84 
97 90 72 45 
98 58 21 86 
99 39 72 38 
