937 966 
0 30 188 143 
1 72 224 301 
2 4 195 278 
3 88 269 139 
4 54 110 353 
5 64 388 285 
6 90 367 303 
7 26 314 272 
8 94 297 160 
9 28 182 334 
10 72 236 359 
11 49 225 203 
12 54 315 232 
13 19 175 313 
14 28 169 113 
15 61 166 298 
16 84 131 135 
17 23 132 191 
18 67 334 232 
19 53 105 125 
20 54 111 136 
21 16 220 333 
22 9 396 281 
23 54 109 249 
24 77 123 301 
25 80 105 306 
26 68 123 229 
27 39 343 137 
28 25 132 198 
29 74 156 377 
30 14 281 141 
31 53 176 257 
32 35 205 392 
33 100 237 312 
34 39 237 184 
35 82 273 274 
36 62 210 350 
37 80 316 278 
38 94 357 325 
39 4 201 256 
40 100 112 240 
41 93 160 242 
42 95 209 330 
43 8 226 369 
44 7 279 327 
45 90 234 271 
46 84 358 366 
47 10 117 280 
48 13 277 379 
49 63 207 230 
50 3 271 100 
51 86 338 355 
52 96 373 262 
53 74 144 388 
54 50 116 199 
55 78 257 162 
56 37 333 243 
57 4 212 210 
58 49 158 228 
59 72 240 266 
60 2 325 388 
61 10 377 163 
62 33 165 156 
63 90 155 134 
64 29 314 265 
65 80 107 213 
66 55 303 348 
67 47 268 234 
68 12 367 139 
69 38 169 129 
70 78 239 371 
71 75 344 231 
72 11 352 377 
73 5 228 375 
74 50 339 191 
75 69 252 193 
76 20 234 247 
77 35 351 319 
78 5 171 177 
79 99 258 286 
80 43 381 314 
81 65 106 328 
82 90 300 193 
83 53 128 177 
84 72 359 346 
85 4 359 267 
86 20 193 207 
87 45 330 232 
88 72 135 209 
89 60 275 105 
90 28 318 286 
91 16 229 318 
92 68 375 170 
93 56 323 207 
94 27 340 295 
95 26 192 103 
96 83 346 295 
97 90 169 140 
98 58 327 203 
99 39 387 251 
