150 150 
0 30 24 29 
1 72 30 26 
2 4 32 30 
3 88 74 70 
4 54 67 68 
5 64 30 21 
6 90 87 96 
7 26 69 77 
8 94 74 78 
9 28 66 69 
10 72 36 31 
11 49 82 81 
12 54 89 87 
13 19 47 51 
14 28 55 50 
15 61 77 72 
16 84 24 18 
17 23 73 65 
18 67 29 21 
19 53 44 50 
20 54 55 45 
21 16 27 18 
22 9 30 28 
23 54 82 92 
24 77 68 59 
25 80 60 52 
26 68 74 64 
27 39 75 67 
28 25 54 60 
29 74 30 22 
30 14 46 40 
31 53 94 96 
32 35 31 26 
33 100 62 59 
34 39 98 97 
35 82 76 75 
36 62 42 44 
37 80 66 63 
38 94 87 91 
39 4 67 74 
40 100 80 77 
41 93 62 53 
42 95 57 51 
43 8 58 55 
44 7 81 79 
45 90 92 94 
46 84 81 80 
47 10 66 73 
48 13 91 82 
49 63 68 70 
