1000 1000 
0 30 84 716 
1 72 851 57 
2 4 736 126 
3 88 294 145 
4 54 414 671 
5 64 319 592 
6 90 563 132 
7 26 36 843 
8 94 959 618 
9 28 889 676 
10 72 715 575 
11 49 658 202 
12 54 275 780 
13 19 453 864 
14 28 416 344 
15 61 718 442 
16 84 250 712 
17 23 232 45 
18 67 221 661 
19 53 105 118 
20 54 106 304 
21 16 780 440 
22 9 18 83 
23 54 39 121 
24 77 399 776 
25 80 988 605 
26 68 30 496 
27 39 76 671 
28 25 19 686 
29 74 79 430 
30 14 811 125 
31 53 107 326 
32 35 186 922 
33 100 605 137 
34 39 253 524 
35 82 352 972 
36 62 457 706 
37 80 457 280 
38 94 576 582 
39 4 367 834 
40 100 720 594 
41 93 858 749 
42 95 336 521 
43 8 42 467 
44 7 199 474 
45 90 363 766 
46 84 422 898 
47 10 598 758 
48 13 448 569 
49 63 859 887 
