150 150 
0 30 77 88 
1 72 24 79 
2 4 30 43 
3 88 32 53 
4 54 74 45 
5 64 67 65 
6 90 30 23 
7 26 87 97 
8 94 69 91 
9 28 74 77 
10 72 66 73 
11 49 36 42 
12 54 82 56 
13 19 89 53 
14 28 47 77 
15 61 55 40 
16 84 77 38 
17 23 24 38 
18 67 73 28 
19 53 29 28 
20 54 44 82 
21 16 55 21 
22 9 27 23 
23 54 30 52 
24 77 82 99 
25 80 68 22 
26 68 60 26 
27 39 74 21 
28 25 75 26 
29 74 54 85 
30 14 30 28 
31 53 46 35 
32 35 94 68 
33 100 31 40 
34 39 62 48 
35 82 98 57 
36 62 76 57 
37 80 42 66 
38 94 66 49 
39 4 87 78 
40 100 67 89 
41 93 80 47 
42 95 62 23 
43 8 57 36 
44 7 58 49 
45 90 81 54 
46 84 92 68 
47 10 81 56 
48 13 66 89 
49 63 91 24 
