1000 1000 
0 30 143 224 
1 72 301 195 
2 4 278 269 
3 88 139 110 
4 54 353 388 
5 64 285 367 
6 90 303 314 
7 26 272 297 
8 94 160 182 
9 28 334 236 
10 72 359 225 
11 49 203 315 
12 54 232 175 
13 19 313 169 
14 28 113 166 
15 61 298 131 
16 84 135 132 
17 23 191 334 
18 67 232 105 
19 53 125 111 
20 54 136 220 
21 16 333 396 
22 9 281 109 
23 54 249 123 
24 77 301 105 
25 80 306 123 
26 68 229 343 
27 39 137 132 
28 25 198 156 
29 74 377 281 
30 14 141 176 
31 53 257 205 
32 35 392 237 
33 100 312 237 
34 39 184 273 
35 82 274 210 
36 62 350 316 
37 80 278 357 
38 94 325 201 
39 4 256 112 
40 100 240 160 
41 93 242 209 
42 95 330 226 
43 8 369 279 
44 7 327 234 
45 90 271 358 
46 84 366 117 
47 10 280 277 
48 13 379 207 
49 63 230 271 
