1000 1000 
0 30 56 75 
1 72 49 69 
2 4 67 35 
3 88 28 88 
4 54 97 71 
5 64 92 76 
6 90 79 68 
7 26 74 40 
8 94 46 83 
9 28 59 90 
10 72 56 51 
11 49 79 58 
12 54 44 78 
13 19 42 28 
14 28 41 75 
15 61 33 34 
16 84 33 48 
17 23 84 58 
18 67 26 31 
19 53 28 34 
20 54 55 83 
21 16 99 70 
22 9 27 62 
23 54 31 75 
24 77 26 76 
25 80 31 57 
26 68 86 34 
27 39 33 49 
28 25 39 94 
29 74 70 35 
30 14 44 64 
31 53 51 98 
32 35 59 78 
33 100 59 46 
34 39 68 69 
35 82 52 88 
36 62 79 70 
37 80 89 81 
38 94 50 64 
39 4 28 60 
40 100 40 61 
41 93 52 82 
42 95 57 92 
43 8 70 82 
44 7 59 68 
45 90 89 92 
46 84 29 70 
47 10 69 95 
48 13 52 58 
49 63 68 25 
