1000 1000 
0 30 641 275 
1 72 376 287 
2 4 448 602 
3 88 391 555 
4 54 537 279 
5 64 221 706 
6 90 775 571 
7 26 733 606 
8 94 629 545 
9 28 595 321 
10 72 365 668 
11 49 472 718 
12 54 449 406 
13 19 631 465 
14 28 349 627 
15 61 339 226 
16 84 332 597 
17 23 262 271 
18 67 263 382 
19 53 668 464 
20 54 210 249 
21 16 223 272 
22 9 439 666 
23 54 793 563 
24 77 217 497 
25 80 245 603 
26 68 211 612 
27 39 247 458 
28 25 686 275 
29 74 264 395 
30 14 311 753 
31 53 563 282 
32 35 351 514 
33 100 411 783 
34 39 474 623 
35 82 474 367 
36 62 545 549 
37 80 420 700 
38 94 632 556 
39 4 715 649 
40 100 401 512 
41 93 225 480 
42 95 319 484 
43 8 417 659 
44 7 453 738 
45 90 559 655 
46 84 468 541 
47 10 715 732 
48 13 233 560 
49 63 555 758 
50 3 413 461 
51 86 543 200 
52 96 676 710 
53 74 746 524 
54 50 287 776 
55 78 232 397 
56 37 514 323 
57 4 667 486 
58 49 423 419 
59 72 317 457 
60 2 481 531 
61 10 649 776 
62 33 755 325 
63 90 330 312 
64 29 310 268 
65 80 627 529 
66 55 215 427 
67 47 606 695 
68 12 535 468 
69 38 734 277 
70 78 338 257 
71 75 478 741 
72 11 689 463 
73 5 704 754 
74 50 456 750 
75 69 678 383 
76 20 505 386 
77 35 469 494 
78 5 703 638 
79 99 341 353 
80 43 516 572 
81 65 762 628 
82 90 212 655 
83 53 599 386 
84 72 257 354 
85 4 718 692 
86 20 717 535 
87 45 386 414 
88 72 660 464 
89 60 270 418 
90 28 551 209 
91 16 636 571 
92 68 458 637 
93 56 750 340 
94 27 647 413 
95 26 681 591 
96 83 385 205 
97 90 693 590 
98 58 338 279 
99 39 654 405 
