1000 1000 
0 30 157 178 
1 72 58 160 
2 4 69 94 
3 88 72 112 
4 54 151 98 
5 64 139 134 
6 90 70 55 
7 26 176 194 
8 94 143 183 
9 28 151 157 
10 72 136 149 
11 49 80 91 
12 54 167 118 
13 19 180 112 
14 28 102 158 
15 61 116 87 
16 84 157 85 
17 23 57 83 
18 67 149 66 
19 53 68 66 
20 54 95 167 
21 16 116 53 
22 9 62 56 
23 54 68 110 
24 77 166 198 
25 80 141 54 
26 68 124 61 
27 39 151 53 
28 25 153 62 
29 74 114 172 
30 14 69 66 
31 53 99 78 
32 35 188 141 
33 100 70 88 
34 39 128 103 
35 82 196 118 
36 62 156 119 
37 80 92 136 
38 94 137 105 
39 4 175 158 
40 100 139 179 
41 93 162 100 
42 95 128 56 
43 8 120 80 
44 7 121 104 
45 90 165 113 
46 84 185 140 
47 10 164 117 
48 13 135 179 
49 63 183 58 
50 3 140 139 
51 86 190 103 
52 96 115 136 
53 74 50 169 
54 50 178 187 
55 78 131 72 
56 37 194 58 
57 4 99 128 
58 49 81 167 
59 72 121 106 
60 2 105 79 
61 10 114 120 
62 33 133 162 
63 90 194 189 
64 29 81 83 
65 80 78 78 
66 55 67 157 
67 47 132 54 
68 12 107 152 
69 38 174 134 
70 78 117 184 
71 75 69 84 
72 11 64 120 
73 5 185 172 
74 50 116 176 
75 69 189 114 
76 20 187 170 
77 35 96 126 
78 5 97 117 
79 99 123 176 
80 43 160 85 
81 65 88 129 
82 90 143 191 
83 53 157 53 
84 72 164 150 
85 4 96 64 
86 20 88 180 
87 45 173 179 
88 72 134 97 
89 60 104 165 
90 28 116 67 
91 16 105 138 
92 68 52 159 
93 56 143 114 
94 27 159 188 
95 26 85 162 
96 83 103 170 
97 90 148 96 
98 58 51 173 
99 39 148 85 
100 70 70 164 
101 50 101 194 
102 5 126 158 
103 15 76 90 
104 20 85 73 
105 39 187 90 
106 96 165 175 
107 43 153 110 
108 3 183 180 
109 46 189 118 
110 58 154 157 
111 92 112 130 
112 33 146 71 
113 90 89 62 
114 45 125 88 
115 86 187 182 
116 42 108 126 
117 77 72 55 
118 64 162 152 
119 4 61 199 
120 98 102 181 
121 65 70 130 
122 89 97 131 
123 74 67 165 
124 68 62 118 
125 29 67 71 
126 70 115 158 
127 96 138 114 
128 85 121 170 
129 12 96 160 
130 73 148 119 
131 77 108 128 
132 32 162 171 
133 59 91 132 
134 41 180 94 
135 51 161 191 
136 33 118 155 
137 100 185 69 
138 9 94 69 
139 87 79 186 
140 63 124 54 
141 43 111 106 
142 82 124 76 
143 69 146 196 
144 62 61 151 
145 64 102 124 
146 27 103 198 
147 95 95 56 
148 88 164 182 
149 98 143 58 
150 56 63 119 
151 87 160 98 
152 5 116 77 
153 46 115 191 
154 66 90 173 
155 94 174 105 
156 18 101 122 
157 47 103 106 
158 74 165 142 
159 70 170 61 
160 7 51 199 
161 97 90 187 
162 35 173 159 
163 17 81 150 
164 83 99 91 
165 16 110 116 
166 11 196 110 
167 64 192 154 
168 29 130 82 
169 82 95 78 
170 60 68 75 
171 47 84 57 
172 89 77 55 
173 66 178 155 
174 48 122 190 
175 12 143 192 
176 60 72 94 
177 44 94 182 
178 8 142 186 
179 75 200 192 
180 11 150 182 
181 24 76 190 
182 22 111 149 
183 16 139 192 
184 5 93 52 
185 77 106 114 
186 43 62 60 
187 16 194 74 
188 76 185 88 
189 26 69 87 
190 40 78 103 
191 69 197 71 
192 72 159 123 
193 28 197 142 
194 27 144 62 
195 16 183 167 
196 54 99 189 
197 16 174 63 
198 21 141 70 
199 51 85 96 
