1000 1000 
0 30 58 160 
1 72 69 94 
2 4 72 112 
3 88 151 98 
4 54 139 134 
5 64 70 55 
6 90 176 194 
7 26 143 183 
8 94 151 157 
9 28 136 149 
10 72 80 91 
11 49 167 118 
12 54 180 112 
13 19 102 158 
14 28 116 87 
15 61 157 85 
16 84 57 83 
17 23 149 66 
18 67 68 66 
19 53 95 167 
20 54 116 53 
21 16 62 56 
22 9 68 110 
23 54 166 198 
24 77 141 54 
25 80 124 61 
26 68 151 53 
27 39 153 62 
28 25 114 172 
29 74 69 66 
30 14 99 78 
31 53 188 141 
32 35 70 88 
33 100 128 103 
34 39 196 118 
35 82 156 119 
36 62 92 136 
37 80 137 105 
38 94 175 158 
39 4 139 179 
40 100 162 100 
41 93 128 56 
42 95 120 80 
43 8 121 104 
44 7 165 113 
45 90 185 140 
46 84 164 117 
47 10 135 179 
48 13 183 58 
49 63 140 139 
50 3 190 103 
51 86 115 136 
52 96 50 169 
53 74 178 187 
54 50 131 72 
55 78 194 58 
56 37 99 128 
57 4 81 167 
58 49 121 106 
59 72 105 79 
60 2 114 120 
61 10 133 162 
62 33 194 189 
63 90 81 83 
64 29 78 78 
65 80 67 157 
66 55 132 54 
67 47 107 152 
68 12 174 134 
69 38 117 184 
70 78 69 84 
71 75 64 120 
72 11 185 172 
73 5 116 176 
74 50 189 114 
75 69 187 170 
76 20 96 126 
77 35 97 117 
78 5 123 176 
79 99 160 85 
80 43 88 129 
81 65 143 191 
82 90 157 53 
83 53 164 150 
84 72 96 64 
85 4 88 180 
86 20 173 179 
87 45 134 97 
88 72 104 165 
89 60 116 67 
90 28 105 138 
91 16 52 159 
92 68 143 114 
93 56 159 188 
94 27 85 162 
95 26 103 170 
96 83 148 96 
97 90 51 173 
98 58 148 85 
99 39 70 164 
100 70 101 194 
101 50 126 158 
102 5 76 90 
103 15 85 73 
104 20 187 90 
105 39 165 175 
106 96 153 110 
107 43 183 180 
108 3 189 118 
109 46 154 157 
110 58 112 130 
111 92 146 71 
112 33 89 62 
113 90 125 88 
114 45 187 182 
115 86 108 126 
116 42 72 55 
117 77 162 152 
118 64 61 199 
119 4 102 181 
120 98 70 130 
121 65 97 131 
122 89 67 165 
123 74 62 118 
124 68 67 71 
125 29 115 158 
126 70 138 114 
127 96 121 170 
128 85 96 160 
129 12 148 119 
130 73 108 128 
131 77 162 171 
132 32 91 132 
133 59 180 94 
134 41 161 191 
135 51 118 155 
136 33 185 69 
137 100 94 69 
138 9 79 186 
139 87 124 54 
140 63 111 106 
141 43 124 76 
142 82 146 196 
143 69 61 151 
144 62 102 124 
145 64 103 198 
146 27 95 56 
147 95 164 182 
148 88 143 58 
149 98 63 119 
150 56 160 98 
151 87 116 77 
152 5 115 191 
153 46 90 173 
154 66 174 105 
155 94 101 122 
156 18 103 106 
157 47 165 142 
158 74 170 61 
159 70 51 199 
160 7 90 187 
161 97 173 159 
162 35 81 150 
163 17 99 91 
164 83 110 116 
165 16 196 110 
166 11 192 154 
167 64 130 82 
168 29 95 78 
169 82 68 75 
170 60 84 57 
171 47 77 55 
172 89 178 155 
173 66 122 190 
174 48 143 192 
175 12 72 94 
176 60 94 182 
177 44 142 186 
178 8 200 192 
179 75 150 182 
180 11 76 190 
181 24 111 149 
182 22 139 192 
183 16 93 52 
184 5 106 114 
185 77 62 60 
186 43 194 74 
187 16 185 88 
188 76 69 87 
189 26 78 103 
190 40 197 71 
191 69 159 123 
192 72 197 142 
193 28 144 62 
194 27 183 167 
195 16 99 189 
196 54 174 63 
197 16 141 70 
198 21 85 96 
199 51 138 72 
