1000 1000 
0 30 851 57 
1 72 736 126 
2 4 294 145 
3 88 414 671 
4 54 319 592 
5 64 563 132 
6 90 36 843 
7 26 959 618 
8 94 889 676 
9 28 715 575 
10 72 658 202 
11 49 275 780 
12 54 453 864 
13 19 416 344 
14 28 718 442 
15 61 250 712 
16 84 232 45 
17 23 221 661 
18 67 105 118 
19 53 106 304 
20 54 780 440 
21 16 18 83 
22 9 39 121 
23 54 399 776 
24 77 988 605 
25 80 30 496 
26 68 76 671 
27 39 19 686 
28 25 79 430 
29 74 811 125 
30 14 107 326 
31 53 186 922 
32 35 605 137 
33 100 253 524 
34 39 352 972 
35 82 457 706 
36 62 457 280 
37 80 576 582 
38 94 367 834 
39 4 720 594 
40 100 858 749 
41 93 336 521 
42 95 42 467 
43 8 199 474 
44 7 363 766 
45 90 422 898 
46 84 598 758 
47 10 448 569 
48 13 859 887 
49 63 56 600 
