150 150 
0 30 32 30 
1 72 74 70 
2 4 67 68 
3 88 30 21 
4 54 87 96 
5 64 69 77 
6 90 74 78 
7 26 66 69 
8 94 36 31 
9 28 82 81 
10 72 89 87 
11 49 47 51 
12 54 55 50 
13 19 77 72 
14 28 24 18 
15 61 73 65 
16 84 29 21 
17 23 44 50 
18 67 55 45 
19 53 27 18 
20 54 30 28 
21 16 82 92 
22 9 68 59 
23 54 60 52 
24 77 74 64 
25 80 75 67 
26 68 54 60 
27 39 30 22 
28 25 46 40 
29 74 94 96 
30 14 31 26 
31 53 62 59 
32 35 98 97 
33 100 76 75 
34 39 42 44 
35 82 66 63 
36 62 87 91 
37 80 67 74 
38 94 80 77 
39 4 62 53 
40 100 57 51 
41 93 58 55 
42 95 81 79 
43 8 92 94 
44 7 81 80 
45 90 66 73 
46 84 91 82 
47 10 68 70 
48 13 94 91 
49 63 55 56 
