1000 1000 
0 30 234 641 
1 72 275 376 
2 4 287 448 
3 88 602 391 
4 54 555 537 
5 64 279 221 
6 90 706 775 
7 26 571 733 
8 94 606 629 
9 28 545 595 
10 72 321 365 
11 49 668 472 
12 54 718 449 
13 19 406 631 
14 28 465 349 
15 61 627 339 
16 84 226 332 
17 23 597 262 
18 67 271 263 
19 53 382 668 
20 54 464 210 
21 16 249 223 
22 9 272 439 
23 54 666 793 
24 77 563 217 
25 80 497 245 
26 68 603 211 
27 39 612 247 
28 25 458 686 
29 74 275 264 
30 14 395 311 
31 53 753 563 
32 35 282 351 
33 100 514 411 
34 39 783 474 
35 82 623 474 
36 62 367 545 
37 80 549 420 
38 94 700 632 
39 4 556 715 
40 100 649 401 
41 93 512 225 
42 95 480 319 
43 8 484 417 
44 7 659 453 
45 90 738 559 
46 84 655 468 
47 10 541 715 
48 13 732 233 
49 63 560 555 
50 3 758 413 
51 86 461 543 
52 96 200 676 
53 74 710 746 
54 50 524 287 
55 78 776 232 
56 37 397 514 
57 4 323 667 
58 49 486 423 
59 72 419 317 
60 2 457 481 
61 10 531 649 
62 33 776 755 
63 90 325 330 
64 29 312 310 
65 80 268 627 
66 55 529 215 
67 47 427 606 
68 12 695 535 
69 38 468 734 
70 78 277 338 
71 75 257 478 
72 11 741 689 
73 5 463 704 
74 50 754 456 
75 69 750 678 
76 20 383 505 
77 35 386 469 
78 5 494 703 
79 99 638 341 
80 43 353 516 
81 65 572 762 
82 90 628 212 
83 53 655 599 
84 72 386 257 
85 4 354 718 
86 20 692 717 
87 45 535 386 
88 72 414 660 
89 60 464 270 
90 28 418 551 
91 16 209 636 
92 68 571 458 
93 56 637 750 
94 27 340 647 
95 26 413 681 
96 83 591 385 
97 90 205 693 
98 58 590 338 
99 39 279 654 
100 70 405 774 
101 50 502 631 
102 5 303 359 
103 15 341 290 
104 20 749 359 
105 39 661 698 
106 96 611 441 
107 43 731 722 
108 3 755 473 
109 46 616 628 
110 58 448 520 
111 92 584 282 
112 33 357 249 
113 90 500 352 
114 45 747 727 
115 86 432 505 
116 42 287 220 
117 77 646 606 
118 64 242 796 
119 4 409 723 
120 98 280 521 
121 65 388 522 
122 89 266 661 
123 74 248 470 
124 68 268 283 
125 29 458 634 
126 70 552 455 
127 96 483 680 
128 85 385 642 
129 12 591 474 
130 73 434 511 
131 77 647 684 
132 32 364 529 
133 59 719 377 
134 41 644 762 
135 51 473 618 
136 33 739 278 
137 100 376 275 
138 9 317 743 
139 87 495 214 
140 63 443 423 
141 43 495 302 
142 82 585 785 
143 69 245 606 
144 62 409 497 
145 64 410 791 
146 27 382 223 
147 95 658 726 
148 88 571 233 
149 98 254 476 
150 56 641 391 
151 87 466 309 
152 5 461 764 
153 46 360 690 
154 66 696 420 
155 94 403 487 
156 18 414 425 
157 47 661 566 
158 74 680 245 
159 70 202 794 
160 7 362 747 
161 97 692 638 
162 35 326 599 
163 17 397 363 
164 83 439 465 
165 16 785 438 
166 11 767 615 
167 64 521 328 
168 29 378 312 
169 82 273 301 
170 60 338 226 
171 47 307 222 
172 89 713 622 
173 66 490 759 
174 48 571 766 
175 12 288 378 
176 60 377 727 
177 44 569 746 
178 8 799 769 
179 75 599 730 
180 11 303 760 
181 24 444 595 
182 22 556 767 
183 16 371 210 
184 5 424 456 
185 77 248 240 
186 43 775 294 
187 16 740 353 
188 76 275 348 
189 26 314 414 
190 40 790 284 
191 69 637 491 
192 72 787 568 
193 28 575 250 
194 27 734 669 
195 16 396 758 
196 54 696 251 
197 16 566 281 
198 21 340 382 
199 51 551 287 
