150 150 
0 30 32 53 
1 72 74 45 
2 4 67 65 
3 88 30 23 
4 54 87 97 
5 64 69 91 
6 90 74 77 
7 26 66 73 
8 94 36 42 
9 28 82 56 
10 72 89 53 
11 49 47 77 
12 54 55 40 
13 19 77 38 
14 28 24 38 
15 61 73 28 
16 84 29 28 
17 23 44 82 
18 67 55 21 
19 53 27 23 
20 54 30 52 
21 16 82 99 
22 9 68 22 
23 54 60 26 
24 77 74 21 
25 80 75 26 
26 68 54 85 
27 39 30 28 
28 25 46 35 
29 74 94 68 
30 14 31 40 
31 53 62 48 
32 35 98 57 
33 100 76 57 
34 39 42 66 
35 82 66 49 
36 62 87 78 
37 80 67 89 
38 94 80 47 
39 4 62 23 
40 100 57 36 
41 93 58 49 
42 95 81 54 
43 8 92 68 
44 7 81 56 
45 90 66 89 
46 84 91 24 
47 10 68 67 
48 13 94 48 
49 63 55 66 
50 3 20 83 
51 86 88 93 
52 96 63 32 
53 74 97 24 
54 50 46 62 
55 78 36 82 
56 37 58 50 
57 4 49 36 
58 49 54 57 
59 72 64 80 
60 2 97 94 
61 10 37 37 
62 33 35 35 
63 90 29 77 
64 29 64 22 
65 80 50 74 
66 55 86 65 
67 47 56 91 
68 12 30 38 
69 38 28 57 
70 78 92 85 
71 75 55 87 
72 11 94 54 
73 5 93 84 
74 50 44 61 
75 69 45 56 
76 20 59 87 
77 35 78 39 
78 5 40 62 
79 99 70 95 
80 43 77 22 
81 65 81 73 
82 90 45 28 
83 53 41 89 
84 72 86 89 
85 4 65 45 
86 20 49 81 
87 45 55 29 
88 72 49 67 
89 60 21 78 
90 28 69 54 
91 16 78 93 
92 68 39 80 
93 56 48 84 
94 27 72 45 
95 26 21 86 
96 83 72 38 
97 90 31 81 
98 58 47 97 
99 39 60 77 
