150 150 
0 30 24 88 
1 72 24 93 
2 4 27 83 
3 88 29 82 
4 54 30 80 
5 64 30 81 
6 90 30 82 
7 26 30 83 
8 94 31 81 
9 28 32 82 
10 72 36 76 
11 49 42 73 
12 54 44 73 
13 19 46 65 
14 28 47 70 
15 61 54 64 
16 84 55 55 
17 23 55 57 
18 67 57 54 
19 53 58 55 
20 54 60 50 
21 16 62 48 
22 9 62 51 
23 54 66 47 
24 77 66 50 
25 80 66 52 
26 68 67 48 
27 39 67 51 
28 25 68 42 
29 74 69 49 
30 14 73 38 
31 53 74 36 
32 35 74 39 
33 100 74 43 
34 39 75 35 
35 82 76 38 
36 62 77 35 
37 80 77 41 
38 94 80 33 
39 4 81 33 
40 100 82 32 
41 93 82 37 
42 95 87 30 
43 8 87 32 
44 7 89 25 
45 90 91 19 
46 84 92 23 
47 10 94 22 
48 13 98 16 
