1000 1000 
0 30 710 234 
1 72 641 275 
2 4 376 287 
3 88 448 602 
4 54 391 555 
5 64 537 279 
6 90 221 706 
7 26 775 571 
8 94 733 606 
9 28 629 545 
10 72 595 321 
11 49 365 668 
12 54 472 718 
13 19 449 406 
14 28 631 465 
15 61 349 627 
16 84 339 226 
17 23 332 597 
18 67 262 271 
19 53 263 382 
20 54 668 464 
21 16 210 249 
22 9 223 272 
23 54 439 666 
24 77 793 563 
25 80 217 497 
26 68 245 603 
27 39 211 612 
28 25 247 458 
29 74 686 275 
30 14 264 395 
31 53 311 753 
32 35 563 282 
33 100 351 514 
34 39 411 783 
35 82 474 623 
36 62 474 367 
37 80 545 549 
38 94 420 700 
39 4 632 556 
40 100 715 649 
41 93 401 512 
42 95 225 480 
43 8 319 484 
44 7 417 659 
45 90 453 738 
46 84 559 655 
47 10 468 541 
48 13 715 732 
49 63 233 560 
50 3 555 758 
51 86 413 461 
52 96 543 200 
53 74 676 710 
54 50 746 524 
55 78 287 776 
56 37 232 397 
57 4 514 323 
58 49 667 486 
59 72 423 419 
60 2 317 457 
61 10 481 531 
62 33 649 776 
63 90 755 325 
64 29 330 312 
65 80 310 268 
66 55 627 529 
67 47 215 427 
68 12 606 695 
69 38 535 468 
70 78 734 277 
71 75 338 257 
72 11 478 741 
73 5 689 463 
74 50 704 754 
75 69 456 750 
76 20 678 383 
77 35 505 386 
78 5 469 494 
79 99 703 638 
80 43 341 353 
81 65 516 572 
82 90 762 628 
83 53 212 655 
84 72 599 386 
85 4 257 354 
86 20 718 692 
87 45 717 535 
88 72 386 414 
89 60 660 464 
90 28 270 418 
91 16 551 209 
92 68 636 571 
93 56 458 637 
94 27 750 340 
95 26 647 413 
96 83 681 591 
97 90 385 205 
98 58 693 590 
99 39 338 279 
100 70 654 405 
101 50 774 502 
102 5 631 303 
103 15 359 341 
104 20 290 749 
105 39 359 661 
106 96 698 611 
107 43 441 731 
108 3 722 755 
109 46 473 616 
110 58 628 448 
111 92 520 584 
112 33 282 357 
113 90 249 500 
114 45 352 747 
115 86 727 432 
116 42 505 287 
117 77 220 646 
118 64 606 242 
119 4 796 409 
120 98 723 280 
121 65 521 388 
122 89 522 266 
123 74 661 248 
124 68 470 268 
125 29 283 458 
126 70 634 552 
127 96 455 483 
128 85 680 385 
129 12 642 591 
130 73 474 434 
131 77 511 647 
132 32 684 364 
133 59 529 719 
134 41 377 644 
135 51 762 473 
136 33 618 739 
137 100 278 376 
138 9 275 317 
139 87 743 495 
140 63 214 443 
141 43 423 495 
142 82 302 585 
143 69 785 245 
144 62 606 409 
145 64 497 410 
146 27 791 382 
147 95 223 658 
148 88 726 571 
149 98 233 254 
150 56 476 641 
151 87 391 466 
152 5 309 461 
153 46 764 360 
154 66 690 696 
155 94 420 403 
156 18 487 414 
157 47 425 661 
158 74 566 680 
159 70 245 202 
160 7 794 362 
161 97 747 692 
162 35 638 326 
163 17 599 397 
164 83 363 439 
165 16 465 785 
166 11 438 767 
167 64 615 521 
168 29 328 378 
169 82 312 273 
170 60 301 338 
171 47 226 307 
172 89 222 713 
173 66 622 490 
174 48 759 571 
175 12 766 288 
176 60 378 377 
177 44 727 569 
178 8 746 799 
179 75 769 599 
180 11 730 303 
181 24 760 444 
182 22 595 556 
183 16 767 371 
184 5 210 424 
185 77 456 248 
186 43 240 775 
187 16 294 740 
188 76 353 275 
189 26 348 314 
190 40 414 790 
191 69 284 637 
192 72 491 787 
193 28 568 575 
194 27 250 734 
195 16 669 396 
196 54 758 696 
197 16 251 566 
198 21 281 340 
199 51 382 551 
