970 863 
0 30 165 125 
1 72 315 355 
2 4 117 321 
3 88 137 188 
4 54 143 224 
5 64 301 195 
6 90 278 269 
7 26 139 110 
8 94 353 388 
9 28 285 367 
10 72 303 314 
11 49 272 297 
12 54 160 182 
13 19 334 236 
14 28 359 225 
15 61 203 315 
16 84 232 175 
17 23 313 169 
18 67 113 166 
19 53 298 131 
20 54 135 132 
21 16 191 334 
22 9 232 105 
23 54 125 111 
24 77 136 220 
25 80 333 396 
26 68 281 109 
27 39 249 123 
28 25 301 105 
29 74 306 123 
30 14 229 343 
31 53 137 132 
32 35 198 156 
33 100 377 281 
34 39 141 176 
35 82 257 205 
36 62 392 237 
37 80 312 237 
38 94 184 273 
39 4 274 210 
40 100 350 316 
41 93 278 357 
42 95 325 201 
43 8 256 112 
44 7 240 160 
45 90 242 209 
46 84 330 226 
47 10 369 279 
48 13 327 234 
49 63 271 358 
