1000 1000 
0 30 84 716 
1 72 851 57 
2 4 736 126 
3 88 294 145 
4 54 414 671 
5 64 319 592 
6 90 563 132 
7 26 36 843 
8 94 959 618 
9 28 889 676 
10 72 715 575 
11 49 658 202 
12 54 275 780 
13 19 453 864 
14 28 416 344 
15 61 718 442 
16 84 250 712 
17 23 232 45 
18 67 221 661 
19 53 105 118 
20 54 106 304 
21 16 780 440 
22 9 18 83 
23 54 39 121 
24 77 399 776 
25 80 988 605 
26 68 30 496 
27 39 76 671 
28 25 19 686 
29 74 79 430 
30 14 811 125 
31 53 107 326 
32 35 186 922 
33 100 605 137 
34 39 253 524 
35 82 352 972 
36 62 457 706 
37 80 457 280 
38 94 576 582 
39 4 367 834 
40 100 720 594 
41 93 858 749 
42 95 336 521 
43 8 42 467 
44 7 199 474 
45 90 363 766 
46 84 422 898 
47 10 598 758 
48 13 448 569 
49 63 859 887 
50 3 56 600 
51 86 591 931 
52 96 356 435 
53 74 571 2 
54 50 793 851 
55 78 910 541 
56 37 146 959 
57 4 54 330 
58 49 524 206 
59 72 778 477 
60 2 372 366 
61 10 195 428 
62 33 469 553 
63 90 749 961 
64 29 924 210 
65 80 218 187 
66 55 185 115 
67 47 713 549 
68 12 26 379 
69 38 678 826 
70 78 559 447 
71 75 891 130 
72 11 230 96 
73 5 464 902 
74 50 815 438 
75 69 840 924 
76 20 427 917 
77 35 798 305 
78 5 509 311 
79 99 448 490 
80 43 838 731 
81 65 236 256 
82 90 528 621 
83 53 937 714 
84 72 21 759 
85 4 666 311 
86 20 96 257 
87 45 864 821 
88 72 862 558 
89 60 311 358 
90 28 766 441 
91 16 117 364 
92 68 585 17 
93 56 726 619 
94 27 430 728 
95 26 917 234 
96 83 745 356 
97 90 801 651 
98 58 309 9 
99 39 822 651 
100 70 231 133 
101 50 757 343 
102 5 957 504 
103 15 719 172 
104 20 265 235 
105 39 151 915 
106 96 266 769 
107 43 831 685 
108 3 403 885 
109 46 870 925 
110 58 455 694 
111 92 713 414 
112 33 533 640 
113 90 138 262 
114 45 82 501 
115 86 255 913 
116 42 878 387 
117 77 509 146 
118 64 35 744 
119 4 677 71 
120 98 993 349 
121 65 872 134 
122 89 535 313 
123 74 537 111 
124 68 768 82 
125 29 451 114 
126 70 140 431 
127 96 723 587 
128 85 425 473 
129 12 799 309 
130 73 736 652 
131 77 458 390 
132 32 518 745 
133 59 808 275 
134 41 548 865 
135 51 295 740 
136 33 937 456 
137 100 697 899 
138 9 131 294 
139 87 126 195 
140 63 904 491 
141 43 25 406 
142 82 372 493 
143 69 171 642 
144 62 975 76 
145 64 676 349 
146 27 495 351 
147 95 986 304 
148 88 40 763 
149 98 877 618 
150 56 55 91 
151 87 461 736 
152 5 318 444 
153 46 182 435 
154 66 940 267 
155 94 817 827 
156 18 367 339 
157 47 479 357 
158 74 375 769 
159 70 610 800 
160 7 76 5 
161 97 990 270 
162 35 912 820 
163 17 730 211 
164 83 665 329 
165 16 273 399 
166 11 443 974 
167 64 397 946 
168 29 691 535 
169 82 214 298 
170 60 188 122 
171 47 169 231 
172 89 44 179 
173 66 38 855 
174 48 703 484 
175 12 932 618 
176 60 944 148 
177 44 297 295 
178 8 878 616 
179 75 910 998 
180 11 949 665 
181 24 883 172 
182 22 934 407 
183 16 659 593 
184 5 946 287 
185 77 18 375 
186 43 428 81 
187 16 68 959 
188 76 158 900 
189 26 255 126 
190 40 247 190 
191 69 357 983 
192 72 140 728 
193 28 485 979 
194 27 614 626 
195 16 84 890 
196 54 781 327 
197 16 930 826 
198 21 86 610 
199 51 137 234 
