150 150 
0 30 21 13 
1 72 21 18 
2 4 21 25 
3 88 22 20 
4 54 22 22 
5 64 22 27 
6 90 23 15 
7 26 23 17 
8 94 23 22 
9 28 23 28 
10 72 23 30 
11 49 24 16 
12 54 24 21 
13 19 24 26 
14 28 25 34 
15 61 26 16 
16 84 26 25 
17 23 26 29 
18 67 27 27 
19 53 27 29 
20 54 27 35 
21 16 28 20 
22 9 28 23 
23 54 28 24 
24 77 28 25 
25 80 29 26 
26 68 30 24 
27 39 30 26 
28 25 31 26 
29 74 31 30 
30 14 31 36 
31 53 32 40 
32 35 32 41 
33 100 33 28 
34 39 33 41 
35 82 34 33 
36 62 34 37 
37 80 35 27 
38 94 35 43 
39 4 36 35 
40 100 37 31 
41 93 37 33 
42 95 38 29 
43 8 38 30 
44 7 38 31 
45 90 38 41 
46 84 39 34 
47 10 40 32 
48 13 40 34 
49 63 40 40 
50 3 40 44 
51 86 40 48 
52 96 41 36 
53 74 41 46 
54 50 42 40 
55 78 42 48 
56 37 43 36 
57 4 44 40 
58 49 44 46 
59 72 44 49 
60 2 45 35 
61 10 45 42 
62 33 45 44 
63 90 45 47 
64 29 47 47 
65 80 48 47 
66 55 48 57 
67 47 49 46 
68 12 49 54 
69 38 49 56 
70 78 49 59 
71 75 50 47 
72 11 50 50 
73 5 50 55 
74 50 52 58 
75 69 52 60 
76 20 52 61 
77 35 53 50 
78 5 53 56 
79 99 54 46 
80 43 54 53 
81 65 54 59 
82 90 54 62 
83 53 55 64 
84 72 56 48 
85 4 56 56 
86 20 56 57 
87 45 56 60 
88 72 56 63 
89 60 57 53 
90 28 57 55 
91 16 57 58 
92 68 57 61 
93 56 57 62 
94 27 57 65 
95 26 58 55 
96 83 59 69 
97 90 60 57 
98 58 61 54 
99 39 61 57 
100 70 61 66 
101 50 62 56 
102 5 62 64 
103 15 63 55 
104 20 63 59 
105 39 63 66 
106 96 64 71 
107 43 65 58 
108 3 65 64 
109 46 66 56 
110 58 66 68 
111 92 67 57 
112 33 67 76 
113 90 68 61 
114 45 68 73 
115 86 69 72 
116 42 69 75 
117 77 73 67 
118 64 73 69 
119 4 73 70 
120 98 73 75 
121 65 74 65 
122 89 74 71 
123 74 74 81 
124 68 75 76 
125 29 76 76 
126 70 76 84 
127 96 77 70 
128 85 77 75 
129 12 77 76 
130 73 77 78 
131 77 78 72 
132 32 78 80 
133 59 79 71 
134 41 79 82 
135 51 80 77 
136 33 80 89 
137 100 81 73 
138 9 81 78 
139 87 81 80 
140 63 82 79 
141 43 82 81 
142 82 82 82 
143 69 83 90 
144 62 84 80 
145 64 84 87 
146 27 85 77 
147 95 85 80 
148 88 85 84 
149 98 85 92 
150 56 86 89 
151 87 86 90 
152 5 87 92 
153 46 87 95 
154 66 88 79 
155 94 89 90 
156 18 89 94 
157 47 89 95 
158 74 89 97 
159 70 90 83 
160 7 90 88 
161 97 90 92 
162 35 90 99 
163 17 91 84 
164 83 91 95 
165 16 92 92 
166 11 93 88 
167 64 93 94 
168 29 93 99 
169 82 93 103 
170 60 94 88 
171 47 94 101 
172 89 95 90 
173 66 95 93 
174 48 95 94 
175 12 95 97 
176 60 95 99 
177 44 96 89 
178 8 96 92 
179 75 96 99 
180 11 97 97 
181 24 97 99 
182 22 98 89 
183 16 99 94 
184 5 99 95 
185 77 99 96 
186 43 99 101 
