1000 1000 
0 30 355 117 
1 72 321 137 
2 4 188 143 
3 88 224 301 
4 54 195 278 
5 64 269 139 
6 90 110 353 
7 26 388 285 
8 94 367 303 
9 28 314 272 
10 72 297 160 
11 49 182 334 
12 54 236 359 
13 19 225 203 
14 28 315 232 
15 61 175 313 
16 84 169 113 
17 23 166 298 
18 67 131 135 
19 53 132 191 
20 54 334 232 
21 16 105 125 
22 9 111 136 
23 54 220 333 
24 77 396 281 
25 80 109 249 
26 68 123 301 
27 39 105 306 
28 25 123 229 
29 74 343 137 
30 14 132 198 
31 53 156 377 
32 35 281 141 
33 100 176 257 
34 39 205 392 
35 82 237 312 
36 62 237 184 
37 80 273 274 
38 94 210 350 
39 4 316 278 
40 100 357 325 
41 93 201 256 
42 95 112 240 
43 8 160 242 
44 7 209 330 
45 90 226 369 
46 84 279 327 
47 10 234 271 
48 13 358 366 
49 63 117 280 
50 3 277 379 
51 86 207 230 
52 96 271 100 
53 74 338 355 
54 50 373 262 
55 78 144 388 
56 37 116 199 
57 4 257 162 
58 49 333 243 
59 72 212 210 
60 2 158 228 
61 10 240 266 
62 33 325 388 
63 90 377 163 
64 29 165 156 
65 80 155 134 
66 55 314 265 
67 47 107 213 
68 12 303 348 
69 38 268 234 
70 78 367 139 
71 75 169 129 
72 11 239 371 
73 5 344 231 
74 50 352 377 
75 69 228 375 
76 20 339 191 
77 35 252 193 
78 5 234 247 
79 99 351 319 
80 43 171 177 
81 65 258 286 
82 90 381 314 
83 53 106 328 
84 72 300 193 
85 4 128 177 
86 20 359 346 
87 45 359 267 
88 72 193 207 
89 60 330 232 
90 28 135 209 
91 16 275 105 
92 68 318 286 
93 56 229 318 
94 27 375 170 
95 26 323 207 
96 83 340 295 
97 90 192 103 
98 58 346 295 
99 39 169 140 
