999 971 
0 30 165 125 
1 72 315 355 
2 4 117 321 
3 88 137 188 
4 54 143 224 
5 64 301 195 
6 90 278 269 
7 26 139 110 
8 94 353 388 
9 28 285 367 
10 72 303 314 
11 49 272 297 
12 54 160 182 
13 19 334 236 
14 28 359 225 
15 61 203 315 
16 84 232 175 
17 23 313 169 
18 67 113 166 
19 53 298 131 
20 54 135 132 
21 16 191 334 
22 9 232 105 
23 54 125 111 
24 77 136 220 
25 80 333 396 
26 68 281 109 
27 39 249 123 
28 25 301 105 
29 74 306 123 
30 14 229 343 
31 53 137 132 
32 35 198 156 
33 100 377 281 
34 39 141 176 
35 82 257 205 
36 62 392 237 
37 80 312 237 
38 94 184 273 
39 4 274 210 
40 100 350 316 
41 93 278 357 
42 95 325 201 
43 8 256 112 
44 7 240 160 
45 90 242 209 
46 84 330 226 
47 10 369 279 
48 13 327 234 
49 63 271 358 
50 3 366 117 
51 86 280 277 
52 96 379 207 
53 74 230 271 
54 50 100 338 
55 78 355 373 
56 37 262 144 
57 4 388 116 
58 49 199 257 
59 72 162 333 
60 2 243 212 
61 10 210 158 
62 33 228 240 
63 90 266 325 
64 29 388 377 
65 80 163 165 
66 55 156 155 
67 47 134 314 
68 12 265 107 
69 38 213 303 
70 78 348 268 
71 75 234 367 
72 11 139 169 
73 5 129 239 
74 50 371 344 
75 69 231 352 
76 20 377 228 
77 35 375 339 
78 5 191 252 
79 99 193 234 
80 43 247 351 
81 65 319 171 
82 90 177 258 
83 53 286 381 
84 72 314 106 
85 4 328 300 
86 20 193 128 
87 45 177 359 
88 72 346 359 
89 60 267 193 
90 28 207 330 
91 16 232 135 
92 68 209 275 
93 56 105 318 
94 27 286 229 
95 26 318 375 
96 83 170 323 
97 90 207 340 
98 58 295 192 
99 39 103 346 
