150 150 
0 30 37 29 
1 72 77 84 
2 4 24 29 
3 88 30 26 
4 54 32 30 
5 64 74 70 
6 90 67 68 
7 26 30 21 
8 94 87 96 
9 28 69 77 
10 72 74 78 
11 49 66 69 
12 54 36 31 
13 19 82 81 
14 28 89 87 
15 61 47 51 
16 84 55 50 
17 23 77 72 
18 67 24 18 
19 53 73 65 
20 54 29 21 
21 16 44 50 
22 9 55 45 
23 54 27 18 
24 77 30 28 
25 80 82 92 
26 68 68 59 
27 39 60 52 
28 25 74 64 
29 74 75 67 
30 14 54 60 
31 53 30 22 
32 35 46 40 
33 100 94 96 
34 39 31 26 
35 82 62 59 
36 62 98 97 
37 80 76 75 
38 94 42 44 
39 4 66 63 
40 100 87 91 
41 93 67 74 
42 95 80 77 
43 8 62 53 
44 7 57 51 
45 90 58 55 
46 84 81 79 
47 10 92 94 
48 13 81 80 
49 63 66 73 
