1000 1000 
0 30 57 736 
1 72 126 294 
2 4 145 414 
3 88 671 319 
4 54 592 563 
5 64 132 36 
6 90 843 959 
7 26 618 889 
8 94 676 715 
9 28 575 658 
10 72 202 275 
11 49 780 453 
12 54 864 416 
13 19 344 718 
14 28 442 250 
15 61 712 232 
16 84 45 221 
17 23 661 105 
18 67 118 106 
19 53 304 780 
20 54 440 18 
21 16 83 39 
22 9 121 399 
23 54 776 988 
24 77 605 30 
25 80 496 76 
26 68 671 19 
27 39 686 79 
28 25 430 811 
29 74 125 107 
30 14 326 186 
31 53 922 605 
32 35 137 253 
33 100 524 352 
34 39 972 457 
35 82 706 457 
36 62 280 576 
37 80 582 367 
38 94 834 720 
39 4 594 858 
40 100 749 336 
41 93 521 42 
42 95 467 199 
43 8 474 363 
44 7 766 422 
45 90 898 598 
46 84 758 448 
47 10 569 859 
48 13 887 56 
49 63 600 591 
