100 100 
0 30 35 50 
1 72 49 47 
2 4 33 48 
3 88 47 34 
4 54 39 47 
5 64 21 46 
6 90 46 40 
7 26 28 45 
8 94 45 28 
9 28 30 44 
10 72 44 30 
11 49 44 22 
12 54 28 44 
13 19 19 44 
14 28 43 32 
15 61 43 41 
16 84 35 43 
17 23 36 43 
18 67 29 42 
19 53 42 39 
20 54 26 42 
21 16 42 42 
22 9 41 28 
23 54 31 40 
24 77 40 28 
25 80 40 37 
26 68 30 40 
27 39 39 26 
28 25 38 20 
29 74 28 38 
30 14 37 6 
31 53 37 12 
32 35 36 25 
33 100 32 36 
34 39 36 27 
35 82 34 36 
36 62 36 28 
37 80 35 33 
38 94 31 34 
39 4 33 26 
40 100 28 33 
41 93 33 31 
42 95 31 31 
43 8 30 28 
44 7 26 28 
45 90 26 27 
46 84 25 27 
47 10 25 26 
48 13 18 23 
49 63 15 20 
50 3 5 13 
