100 100 
0 30 35 50 
1 72 49 47 
2 4 33 48 
3 88 47 34 
4 54 39 47 
5 64 27 46 
6 90 21 46 
7 26 46 40 
8 94 28 45 
9 28 45 28 
10 72 30 44 
11 49 44 30 
12 54 44 22 
13 19 28 44 
14 28 19 44 
15 61 30 43 
16 84 43 11 
17 23 43 32 
18 67 43 41 
19 53 35 43 
20 54 36 43 
21 16 29 42 
22 9 42 39 
23 54 26 42 
24 77 42 42 
25 80 31 40 
26 68 40 28 
27 39 40 37 
28 25 30 40 
29 74 39 26 
30 14 38 20 
31 53 37 6 
32 35 37 12 
33 100 36 25 
34 39 32 36 
35 82 36 27 
36 62 34 36 
37 80 36 28 
38 94 35 33 
39 4 33 26 
40 100 28 33 
41 93 33 31 
42 95 31 31 
43 8 30 28 
44 7 26 28 
45 90 26 27 
46 84 25 27 
47 10 25 26 
48 13 18 23 
49 63 15 20 
50 3 5 13 
