100 100 
0 30 7 22 
1 72 7 34 
2 4 10 29 
3 88 10 37 
4 54 11 18 
5 64 12 30 
6 90 13 22 
7 26 16 25 
8 94 17 21 
9 28 17 31 
10 72 18 40 
11 49 19 32 
12 54 19 48 
13 19 20 17 
14 28 21 26 
15 61 22 17 
16 84 25 46 
17 23 26 30 
18 67 26 35 
19 53 26 38 
20 54 26 42 
21 16 26 49 
22 9 27 25 
23 54 27 33 
24 77 27 45 
25 80 28 11 
26 68 28 28 
27 39 28 30 
28 25 28 33 
29 74 28 38 
30 14 28 44 
31 53 29 24 
32 35 29 42 
33 100 30 28 
34 39 30 30 
35 82 30 37 
36 62 30 44 
37 80 31 30 
38 94 31 33 
39 4 32 21 
40 100 32 31 
41 93 32 35 
42 95 32 40 
43 8 33 30 
44 7 33 39 
45 90 33 48 
46 84 34 24 
47 10 34 36 
48 13 34 43 
49 63 36 9 
50 3 36 27 
51 86 36 28 
52 96 36 35 
53 74 36 39 
54 50 36 43 
55 78 37 27 
56 37 37 33 
57 4 37 34 
58 49 37 37 
59 72 39 22 
60 2 39 23 
61 10 39 34 
62 33 39 45 
63 90 39 49 
64 29 40 28 
65 80 40 31 
66 55 40 34 
67 47 40 36 
68 12 40 37 
69 38 40 42 
70 78 41 32 
71 75 42 39 
72 11 42 42 
73 5 43 26 
74 50 43 28 
75 69 43 31 
76 20 44 34 
77 35 44 38 
78 5 44 39 
79 99 44 47 
80 43 44 48 
81 65 45 25 
82 90 46 21 
83 53 46 26 
84 72 46 33 
85 4 46 40 
86 20 47 34 
87 45 47 40 
88 72 47 43 
89 60 48 29 
90 28 48 36 
91 16 49 30 
92 68 49 43 
93 56 50 26 
