100 100 
0 30 3 40 
1 72 5 13 
2 4 11 14 
3 88 15 20 
4 54 15 21 
5 64 18 23 
6 90 18 25 
7 26 19 44 
8 94 20 13 
9 28 20 15 
10 72 21 46 
11 49 23 36 
12 54 25 26 
13 19 25 27 
14 28 25 46 
15 61 26 27 
16 84 26 28 
17 23 26 40 
18 67 26 42 
19 53 27 17 
20 54 27 20 
21 16 28 33 
22 9 28 38 
23 54 28 44 
24 77 28 45 
25 80 29 26 
26 68 29 36 
27 39 29 42 
28 25 30 6 
29 74 30 28 
30 14 30 34 
31 53 30 40 
32 35 30 43 
33 100 30 44 
34 39 31 31 
35 82 31 34 
36 62 31 40 
37 80 32 25 
38 94 32 36 
39 4 32 40 
40 100 33 26 
41 93 33 29 
42 95 33 30 
43 8 33 31 
44 7 33 48 
45 90 34 30 
46 84 34 36 
47 10 34 39 
48 13 35 33 
49 63 35 43 
50 3 35 50 
51 86 36 25 
52 96 36 27 
53 74 36 28 
54 50 36 36 
55 78 36 39 
56 37 36 40 
57 4 36 43 
58 49 36 46 
59 72 37 6 
60 2 37 12 
61 10 37 34 
62 33 37 37 
63 90 37 44 
64 29 38 20 
65 80 38 44 
66 55 39 26 
67 47 39 34 
68 12 39 47 
69 38 39 49 
70 78 40 28 
71 75 40 29 
72 11 40 37 
73 5 41 28 
74 50 42 39 
75 69 42 42 
76 20 43 32 
77 35 43 41 
78 5 43 46 
79 99 44 22 
80 43 44 30 
81 65 44 38 
82 90 44 39 
83 53 44 47 
84 72 45 28 
85 4 45 48 
86 20 46 40 
87 45 47 34 
88 72 47 40 
89 60 48 30 
90 28 48 36 
91 16 49 30 
92 68 49 43 
93 56 49 47 
