100 100 
0 30 6 32 
1 72 6 34 
2 4 11 31 
3 88 12 41 
4 54 13 15 
5 64 13 20 
6 90 14 23 
7 26 15 27 
8 94 17 3 
9 28 20 18 
10 72 20 38 
11 49 21 29 
12 54 22 39 
13 19 23 33 
14 28 25 21 
15 61 25 29 
16 84 25 30 
17 23 26 11 
18 67 26 29 
19 53 26 30 
20 54 26 35 
21 16 26 38 
22 9 26 44 
23 54 26 49 
24 77 27 25 
25 80 27 28 
26 68 27 45 
27 39 28 15 
28 25 28 28 
29 74 28 29 
30 14 28 30 
31 53 28 33 
32 35 28 46 
33 100 29 20 
34 39 30 30 
35 82 30 37 
36 62 30 44 
37 80 31 19 
38 94 31 30 
39 4 32 35 
40 100 33 36 
41 93 33 39 
42 95 34 36 
43 8 34 43 
44 7 36 25 
45 90 36 27 
46 84 36 33 
47 10 36 35 
48 13 36 39 
49 63 37 42 
50 3 37 44 
51 86 38 37 
52 96 38 49 
53 74 39 30 
54 50 39 45 
55 78 39 47 
56 37 39 49 
57 4 40 31 
58 49 40 34 
59 72 40 36 
60 2 40 40 
61 10 40 42 
62 33 40 44 
63 90 40 46 
64 29 40 48 
65 80 41 32 
66 55 42 28 
67 47 42 36 
68 12 42 40 
69 38 43 26 
70 78 43 31 
71 75 43 32 
72 11 44 34 
73 5 44 37 
74 50 44 40 
75 69 44 47 
76 20 44 48 
77 35 45 25 
78 5 46 5 
79 99 46 26 
80 43 46 33 
81 65 46 39 
82 90 46 43 
83 53 47 37 
84 72 47 43 
85 4 47 44 
86 20 48 28 
87 45 48 29 
88 72 49 33 
89 60 50 26 
