100 100 
0 30 9 13 
1 72 11 11 
2 4 11 33 
3 88 11 38 
4 54 13 28 
5 64 14 24 
6 90 14 33 
7 26 16 11 
8 94 16 22 
9 28 16 25 
10 72 16 29 
11 49 17 10 
12 54 17 16 
13 19 18 5 
14 28 18 23 
15 61 18 29 
16 84 18 33 
17 23 19 6 
18 67 20 38 
19 53 21 9 
20 54 21 10 
21 16 21 20 
22 9 21 21 
23 54 21 32 
24 77 21 40 
25 80 22 14 
26 68 22 22 
27 39 22 32 
28 25 22 40 
29 74 22 41 
30 14 23 27 
31 53 24 7 
32 35 24 12 
33 100 24 17 
34 39 25 7 
35 82 25 25 
36 62 25 26 
37 80 25 27 
38 94 25 40 
39 4 25 41 
40 100 26 27 
41 93 26 40 
42 95 26 42 
43 8 26 43 
44 7 27 22 
45 90 27 28 
46 84 27 31 
47 10 27 39 
48 13 27 47 
49 63 27 48 
50 3 28 33 
51 86 28 34 
52 96 28 39 
53 74 28 43 
54 50 28 44 
55 78 28 45 
56 37 28 46 
57 4 29 26 
58 49 29 27 
59 72 29 34 
60 2 29 36 
61 10 29 37 
62 33 30 25 
63 90 30 28 
64 29 30 30 
65 80 30 31 
66 55 30 34 
67 47 30 36 
68 12 30 37 
69 38 30 40 
70 78 30 43 
71 75 31 17 
72 11 31 21 
73 5 31 31 
74 50 31 34 
75 69 31 37 
76 20 31 44 
77 35 31 46 
78 5 31 48 
79 99 32 19 
80 43 32 29 
81 65 32 34 
82 90 32 36 
83 53 32 46 
84 72 33 22 
85 4 33 26 
86 20 33 28 
87 45 33 36 
88 72 33 37 
89 60 33 46 
90 28 34 12 
91 16 34 28 
92 68 34 30 
93 56 34 36 
94 27 34 39 
95 26 34 41 
96 83 34 46 
97 90 35 17 
98 58 35 21 
99 39 35 29 
100 70 35 43 
101 50 35 47 
102 5 35 50 
103 15 36 17 
104 20 36 25 
105 39 36 28 
106 96 36 34 
107 43 36 36 
108 3 36 40 
109 46 36 43 
110 58 36 45 
111 92 36 46 
112 33 36 47 
113 90 36 48 
114 45 37 23 
115 86 37 31 
116 42 37 33 
117 77 37 42 
118 64 37 44 
119 4 38 28 
120 98 38 29 
121 65 38 36 
122 89 38 37 
123 74 38 38 
124 68 38 44 
125 29 38 45 
126 70 38 48 
127 96 38 49 
128 85 39 19 
129 12 39 26 
130 73 39 30 
131 77 39 32 
132 32 39 34 
133 59 39 47 
134 41 39 49 
135 51 40 12 
136 33 40 42 
137 100 40 43 
138 9 40 44 
139 87 40 46 
140 63 40 48 
141 43 41 22 
142 82 41 32 
143 69 41 35 
144 62 41 43 
145 64 42 7 
146 27 42 13 
147 95 42 15 
148 88 42 18 
149 98 42 28 
150 56 42 35 
151 87 42 36 
152 5 42 40 
153 46 43 26 
154 66 43 31 
155 94 43 32 
156 18 43 36 
157 47 43 41 
158 74 43 46 
159 70 44 27 
160 7 44 28 
161 97 44 32 
162 35 44 33 
163 17 44 36 
164 83 44 40 
165 16 44 42 
166 11 44 45 
167 64 44 47 
168 29 45 28 
169 82 45 46 
170 60 45 48 
171 47 46 31 
172 89 46 39 
173 66 47 33 
174 48 47 38 
175 12 47 44 
176 60 47 48 
177 44 48 28 
178 8 48 30 
179 75 48 33 
180 11 48 42 
181 24 48 46 
182 22 49 33 
183 16 49 43 
184 5 49 47 
185 77 50 47 
