100 100 
0 30 11 11 
1 72 18 29 
2 4 21 10 
3 88 22 32 
4 54 23 27 
5 64 24 17 
6 90 25 26 
7 26 25 27 
8 94 26 27 
9 28 26 43 
10 72 27 28 
11 49 27 39 
12 54 27 46 
13 19 28 29 
14 28 28 33 
15 61 28 44 
16 84 28 45 
17 23 28 46 
18 67 29 39 
19 53 30 28 
20 54 30 40 
21 16 31 21 
22 9 31 31 
23 54 32 36 
24 77 33 28 
25 80 33 36 
26 68 33 37 
27 39 34 36 
28 25 35 33 
29 74 35 43 
30 14 35 50 
31 53 37 31 
32 35 37 42 
33 100 39 19 
34 39 39 26 
35 82 39 30 
36 62 40 42 
37 80 42 28 
38 94 42 36 
39 4 42 40 
40 100 43 26 
41 93 43 32 
42 95 43 41 
43 8 44 40 
44 7 44 47 
45 90 45 28 
46 84 48 28 
47 10 48 46 
48 13 49 47 
