100 100 
0 30 3 40 
1 72 5 13 
2 4 11 14 
3 88 15 20 
4 54 15 21 
5 64 18 23 
6 90 18 25 
7 26 19 44 
8 94 20 13 
9 28 20 15 
10 72 21 46 
11 49 23 36 
12 54 25 26 
13 19 25 27 
14 28 25 46 
15 61 26 27 
16 84 26 40 
17 23 26 42 
18 67 27 17 
19 53 27 20 
20 54 28 33 
21 16 28 38 
22 9 28 44 
23 54 28 45 
24 77 29 26 
25 80 29 36 
26 68 29 42 
27 39 30 6 
28 25 30 28 
29 74 30 34 
30 14 30 40 
31 53 30 43 
32 35 30 44 
33 100 31 31 
34 39 31 34 
35 82 32 25 
36 62 32 36 
37 80 32 40 
38 94 33 26 
39 4 33 29 
40 100 33 30 
41 93 33 31 
42 95 33 48 
43 8 34 30 
44 7 34 36 
45 90 34 39 
46 84 35 24 
47 10 35 33 
48 13 35 43 
49 63 35 50 
50 3 36 25 
51 86 36 27 
52 96 36 28 
53 74 36 36 
54 50 36 39 
55 78 36 40 
56 37 36 43 
57 4 36 46 
58 49 37 6 
59 72 37 12 
60 2 37 34 
61 10 37 37 
62 33 37 44 
63 90 38 20 
64 29 38 44 
65 80 39 26 
66 55 39 34 
67 47 39 47 
68 12 39 49 
69 38 40 28 
70 78 40 29 
71 75 40 37 
72 11 41 28 
73 5 42 39 
74 50 42 42 
75 69 43 41 
76 20 43 46 
77 35 44 22 
78 5 44 30 
79 99 44 38 
80 43 44 39 
81 65 44 47 
82 90 45 28 
83 53 45 48 
84 72 46 40 
85 4 47 34 
86 20 47 40 
87 45 48 30 
88 72 48 36 
89 60 49 30 
90 28 49 43 
91 16 49 47 
