100 100 
0 30 35 50 
1 72 49 47 
2 4 38 49 
3 88 48 46 
4 54 48 28 
5 64 44 47 
6 90 28 46 
7 26 28 45 
8 94 45 28 
9 28 28 44 
10 72 44 40 
11 49 43 41 
12 54 35 43 
13 19 43 26 
14 28 26 43 
15 61 43 32 
16 84 42 40 
17 23 40 42 
18 67 42 28 
19 53 37 42 
20 54 42 36 
21 16 30 40 
22 9 39 26 
23 54 39 30 
24 77 39 19 
25 80 27 39 
26 68 37 31 
27 39 33 37 
28 25 32 36 
29 74 34 36 
30 14 33 36 
31 53 36 36 
32 35 35 33 
33 100 31 34 
34 39 33 28 
35 82 28 33 
36 62 22 32 
37 80 21 32 
38 94 31 21 
39 4 31 31 
40 100 31 17 
41 93 30 28 
42 95 18 29 
43 8 27 28 
44 7 23 27 
45 90 26 27 
46 84 25 27 
47 10 25 26 
48 13 24 17 
49 63 21 10 
50 3 11 11 
