100 100 
0 30 6 32 
1 72 6 34 
2 4 12 41 
3 88 13 15 
4 54 13 20 
5 64 14 23 
6 90 15 27 
7 26 17 3 
8 94 20 18 
9 28 20 38 
10 72 21 29 
11 49 22 39 
12 54 23 33 
13 19 25 21 
14 28 25 29 
15 61 25 30 
16 84 26 11 
17 23 26 29 
18 67 26 30 
19 53 26 35 
20 54 26 38 
21 16 26 44 
22 9 26 49 
23 54 27 25 
24 77 27 28 
25 80 27 45 
26 68 28 15 
27 39 28 28 
28 25 28 29 
29 74 28 30 
30 14 28 33 
31 53 28 39 
32 35 28 46 
33 100 29 20 
34 39 29 35 
35 82 30 30 
36 62 30 37 
37 80 30 44 
38 94 31 19 
39 4 31 30 
40 100 32 35 
41 93 33 36 
42 95 33 39 
43 8 34 36 
44 7 34 43 
45 90 36 25 
46 84 36 27 
47 10 36 33 
48 13 36 35 
49 63 36 39 
50 3 37 42 
51 86 37 44 
52 96 38 37 
53 74 38 49 
54 50 39 30 
55 78 39 45 
56 37 39 47 
57 4 39 49 
58 49 40 31 
59 72 40 34 
60 2 40 36 
61 10 40 40 
62 33 40 42 
63 90 40 44 
64 29 40 46 
65 80 40 48 
66 55 41 32 
67 47 42 28 
68 12 42 36 
69 38 42 40 
70 78 43 26 
71 75 43 31 
72 11 43 32 
73 5 44 34 
74 50 44 37 
75 69 44 40 
76 20 44 47 
77 35 44 48 
78 5 45 25 
79 99 46 5 
80 43 46 26 
81 65 46 33 
82 90 46 39 
83 53 47 37 
84 72 47 43 
85 4 47 44 
86 20 48 28 
87 45 48 29 
88 72 49 33 
89 60 50 26 
