100 100 
0 30 6 16 
1 72 6 32 
2 4 6 34 
3 88 7 29 
4 54 9 25 
5 64 10 23 
6 90 11 29 
7 26 11 31 
8 94 12 41 
9 28 13 15 
10 72 13 20 
11 49 14 23 
12 54 14 40 
13 19 15 27 
14 28 17 3 
15 61 17 41 
16 84 18 16 
17 23 18 24 
18 67 19 34 
19 53 19 39 
20 54 20 18 
21 16 20 38 
22 9 21 24 
23 54 21 26 
24 77 21 29 
25 80 22 7 
26 68 22 39 
27 39 23 27 
28 25 23 33 
29 74 24 15 
30 14 25 21 
31 53 25 29 
32 35 25 30 
33 100 25 40 
34 39 25 41 
35 82 26 11 
36 62 26 29 
37 80 26 30 
38 94 26 31 
39 4 26 35 
40 100 26 38 
41 93 26 44 
42 95 26 49 
43 8 27 25 
44 7 27 28 
45 90 27 45 
46 84 27 48 
47 10 28 15 
48 13 28 17 
49 63 28 22 
50 3 28 27 
51 86 28 28 
52 96 28 29 
53 74 28 30 
54 50 28 33 
55 78 28 34 
56 37 28 39 
57 4 28 40 
58 49 28 46 
59 72 29 20 
60 2 29 26 
61 10 29 28 
62 33 29 32 
63 90 29 35 
64 29 30 30 
65 80 30 37 
66 55 30 44 
67 47 31 5 
68 12 31 17 
69 38 31 19 
70 78 31 30 
71 75 31 38 
72 11 31 41 
73 5 31 46 
74 50 31 47 
75 69 31 48 
76 20 32 24 
77 35 32 35 
78 5 33 28 
79 99 33 36 
80 43 33 37 
81 65 33 39 
82 90 33 44 
83 53 34 28 
84 72 34 36 
85 4 34 41 
86 20 34 43 
87 45 34 46 
88 72 35 29 
89 60 36 7 
90 28 36 25 
91 16 36 26 
92 68 36 27 
93 56 36 28 
94 27 36 33 
95 26 36 34 
96 83 36 35 
97 90 36 38 
98 58 36 39 
99 39 36 40 
100 70 36 46 
101 50 36 48 
102 5 37 33 
103 15 37 42 
104 20 37 44 
105 39 37 45 
106 96 38 26 
107 43 38 29 
108 3 38 37 
109 46 38 44 
110 58 38 48 
111 92 38 49 
112 33 39 30 
113 90 39 34 
114 45 39 45 
115 86 39 47 
116 42 39 49 
117 77 40 20 
118 64 40 31 
119 4 40 34 
120 98 40 36 
121 65 40 40 
122 89 40 42 
123 74 40 44 
124 68 40 46 
125 29 40 48 
126 70 41 32 
127 96 41 35 
128 85 41 43 
129 12 42 27 
130 73 42 28 
131 77 42 35 
132 32 42 36 
133 59 42 39 
134 41 42 40 
135 51 42 50 
136 33 43 26 
137 100 43 31 
138 9 43 32 
139 87 43 36 
140 63 43 38 
141 43 44 27 
142 82 44 32 
143 69 44 33 
144 62 44 34 
145 64 44 37 
146 27 44 40 
147 95 44 42 
148 88 44 47 
149 98 44 48 
150 56 44 49 
151 87 45 25 
152 5 45 33 
153 46 45 38 
154 66 45 39 
155 94 45 43 
156 18 46 5 
157 47 46 26 
158 74 46 31 
159 70 46 33 
160 7 46 35 
161 97 46 36 
162 35 46 39 
163 17 46 43 
164 83 47 31 
165 16 47 36 
166 11 47 37 
167 64 47 38 
168 29 47 43 
169 82 47 44 
170 60 47 47 
171 47 47 48 
172 89 48 26 
173 66 48 28 
174 48 48 29 
175 12 48 33 
176 60 48 44 
177 44 49 33 
178 8 50 26 
