100 100 
0 30 35 50 
1 72 49 47 
2 4 38 49 
3 88 48 46 
4 54 48 28 
5 64 44 47 
6 90 28 46 
7 26 28 45 
8 94 45 28 
9 28 28 44 
10 72 44 40 
11 49 43 32 
12 54 43 41 
13 19 35 43 
14 28 43 26 
15 61 26 43 
16 84 42 40 
17 23 40 42 
18 67 42 28 
19 53 37 42 
20 54 42 36 
21 16 30 40 
22 9 29 39 
23 54 39 26 
24 77 39 30 
25 80 39 19 
26 68 27 39 
27 39 37 31 
28 25 33 37 
29 74 32 36 
30 14 34 36 
31 53 33 36 
32 35 35 33 
33 100 31 34 
34 39 33 28 
35 82 28 33 
36 62 22 32 
37 80 31 21 
38 94 31 31 
39 4 31 17 
40 100 30 28 
41 93 28 29 
42 95 18 29 
43 8 27 28 
44 7 23 27 
45 90 26 27 
46 84 25 27 
47 10 25 26 
48 13 24 17 
49 63 21 10 
50 3 11 11 
