100 100 
0 30 35 50 
1 72 49 47 
2 4 49 43 
3 88 33 48 
4 54 47 34 
5 64 39 47 
6 90 21 46 
7 26 46 40 
8 94 28 45 
9 28 45 28 
10 72 30 44 
11 49 44 30 
12 54 44 22 
13 19 28 44 
14 28 19 44 
15 61 43 41 
16 84 35 43 
17 23 36 43 
18 67 29 42 
19 53 42 39 
20 54 26 42 
21 16 42 42 
22 9 41 28 
23 54 40 28 
24 77 40 37 
25 80 30 40 
26 68 39 26 
27 39 38 20 
28 25 28 38 
29 74 37 6 
30 14 37 12 
31 53 36 25 
32 35 32 36 
33 100 36 27 
34 39 34 36 
35 82 36 28 
36 62 36 36 
37 80 35 33 
38 94 31 34 
39 4 33 26 
40 100 28 33 
41 93 33 31 
42 95 31 31 
43 8 30 28 
44 7 26 27 
45 90 25 27 
46 84 25 26 
47 10 18 23 
48 13 15 21 
49 63 15 20 
50 3 5 13 
