100 100 
0 30 9 13 
1 72 11 11 
2 4 11 38 
3 88 13 28 
4 54 14 24 
5 64 14 33 
6 90 16 22 
7 26 16 25 
8 94 16 29 
9 28 17 10 
10 72 17 16 
11 49 18 5 
12 54 18 23 
13 19 18 29 
14 28 18 33 
15 61 19 6 
16 84 20 38 
17 23 21 9 
18 67 21 10 
19 53 21 20 
20 54 21 21 
21 16 21 32 
22 9 21 40 
23 54 22 14 
24 77 22 22 
25 80 22 32 
26 68 22 40 
27 39 22 41 
28 25 23 27 
29 74 24 7 
30 14 24 12 
31 53 24 17 
32 35 24 32 
33 100 25 7 
34 39 25 25 
35 82 25 26 
36 62 25 27 
37 80 25 40 
38 94 25 41 
39 4 26 27 
40 100 26 40 
41 93 26 42 
42 95 26 43 
43 8 27 22 
44 7 27 28 
45 90 27 31 
46 84 27 39 
47 10 27 47 
48 13 27 48 
49 63 28 29 
50 3 28 33 
51 86 28 34 
52 96 28 39 
53 74 28 43 
54 50 28 44 
55 78 28 45 
56 37 28 46 
57 4 29 26 
58 49 29 27 
59 72 29 34 
60 2 29 36 
61 10 29 37 
62 33 29 39 
63 90 30 25 
64 29 30 28 
65 80 30 30 
66 55 30 31 
67 47 30 34 
68 12 30 36 
69 38 30 37 
70 78 30 40 
71 75 30 43 
72 11 31 17 
73 5 31 21 
74 50 31 31 
75 69 31 34 
76 20 31 37 
77 35 31 44 
78 5 31 46 
79 99 31 48 
80 43 32 19 
81 65 32 29 
82 90 32 34 
83 53 32 36 
84 72 32 46 
85 4 33 22 
86 20 33 26 
87 45 33 28 
88 72 33 36 
89 60 33 37 
90 28 33 46 
91 16 34 12 
92 68 34 28 
93 56 34 30 
94 27 34 36 
95 26 34 39 
96 83 34 41 
97 90 34 46 
98 58 35 17 
99 39 35 21 
100 70 35 29 
101 50 35 33 
102 5 35 43 
103 15 35 47 
104 20 35 50 
105 39 36 17 
106 96 36 25 
107 43 36 28 
108 3 36 34 
109 46 36 36 
110 58 36 40 
111 92 36 43 
112 33 36 45 
113 90 36 46 
114 45 36 48 
115 86 37 23 
116 42 37 31 
117 77 37 33 
118 64 37 42 
119 4 37 44 
120 98 38 28 
121 65 38 29 
122 89 38 36 
123 74 38 37 
124 68 38 38 
125 29 38 44 
126 70 38 45 
127 96 38 48 
128 85 38 49 
129 12 39 19 
130 73 39 26 
131 77 39 30 
132 32 39 32 
133 59 39 34 
134 41 39 47 
135 51 39 49 
136 33 40 12 
137 100 40 42 
138 9 40 43 
139 87 40 44 
140 63 40 46 
141 43 40 48 
142 82 41 22 
143 69 41 32 
144 62 41 35 
145 64 41 43 
146 27 42 7 
147 95 42 13 
148 88 42 15 
149 98 42 18 
150 56 42 28 
151 87 42 35 
152 5 42 36 
153 46 42 40 
154 66 43 26 
155 94 43 31 
156 18 43 32 
157 47 43 36 
158 74 43 41 
159 70 43 46 
160 7 44 27 
161 97 44 28 
162 35 44 32 
163 17 44 33 
164 83 44 36 
165 16 44 40 
166 11 44 42 
167 64 44 45 
168 29 44 47 
169 82 45 28 
170 60 45 46 
171 47 45 48 
172 89 46 31 
173 66 46 39 
174 48 47 33 
175 12 47 38 
176 60 47 44 
177 44 47 48 
178 8 48 28 
179 75 48 30 
180 11 48 33 
181 24 48 46 
182 22 49 33 
183 16 49 43 
184 5 49 47 
185 77 50 47 
