100 100 
0 30 9 13 
1 72 11 11 
2 4 17 10 
3 88 17 16 
4 54 18 29 
5 64 21 10 
6 90 21 20 
7 26 21 32 
8 94 22 32 
9 28 22 40 
10 72 22 41 
11 49 23 27 
12 54 24 7 
13 19 24 17 
14 28 25 7 
15 61 25 26 
16 84 25 27 
17 23 26 27 
18 67 26 40 
19 53 26 43 
20 54 27 28 
21 16 27 39 
22 9 28 29 
23 54 28 33 
24 77 28 39 
25 80 28 44 
26 68 28 45 
27 39 28 46 
28 25 29 26 
29 74 29 37 
30 14 29 39 
31 53 30 28 
32 35 30 30 
33 100 30 34 
34 39 30 36 
35 82 30 37 
36 62 30 40 
37 80 30 43 
38 94 31 17 
39 4 31 21 
40 100 31 31 
41 93 31 34 
42 95 32 19 
43 8 32 34 
44 7 32 36 
45 90 33 22 
46 84 33 26 
47 10 33 28 
48 13 33 36 
49 63 33 37 
50 3 34 12 
51 86 34 30 
52 96 34 36 
53 74 34 39 
54 50 35 33 
55 78 35 43 
56 37 35 50 
57 4 36 25 
58 49 36 36 
59 72 36 40 
60 2 36 46 
61 10 37 31 
62 33 37 42 
63 90 37 44 
64 29 38 37 
65 80 38 44 
66 55 38 49 
67 47 39 19 
68 12 39 26 
69 38 39 30 
70 78 39 34 
71 75 39 47 
72 11 39 49 
73 5 40 42 
74 50 40 44 
75 69 40 46 
76 20 40 48 
77 35 42 18 
78 5 42 28 
79 99 42 36 
80 43 42 40 
81 65 43 26 
82 90 43 32 
83 53 43 41 
84 72 43 46 
85 4 44 40 
86 20 44 47 
87 45 45 28 
88 72 45 48 
89 60 46 39 
90 28 47 44 
91 16 48 28 
92 68 48 30 
93 56 48 46 
94 27 49 33 
95 26 49 47 
